"Date_Time","Temp","UOM","ProbeID","SID","Collector","ProbeType"
"04/21/23 00:00:00",9.928,"deg C","20624994","20781","ABM","HOBO"
"04/21/23 01:00:00",9.756,"deg C","20624994","20781","ABM","HOBO"
"04/21/23 02:00:00",9.509,"deg C","20624994","20781","ABM","HOBO"
"04/21/23 03:00:00",9.435,"deg C","20624994","20781","ABM","HOBO"
"04/21/23 04:00:00",9.386,"deg C","20624994","20781","ABM","HOBO"
"04/21/23 05:00:00",9.238,"deg C","20624994","20781","ABM","HOBO"
"04/21/23 06:00:00",9.064,"deg C","20624994","20781","ABM","HOBO"
"04/21/23 07:00:00",8.891,"deg C","20624994","20781","ABM","HOBO"
"04/21/23 08:00:00",8.965,"deg C","20624994","20781","ABM","HOBO"
"04/21/23 09:00:00",9.509,"deg C","20624994","20781","ABM","HOBO"
"04/21/23 10:00:00",10.271,"deg C","20624994","20781","ABM","HOBO"
"04/21/23 11:00:00",11.832,"deg C","20624994","20781","ABM","HOBO"
"04/21/23 12:00:00",13.329,"deg C","20624994","20781","ABM","HOBO"
"04/21/23 13:00:00",14.481,"deg C","20624994","20781","ABM","HOBO"
"04/21/23 14:00:00",15.509,"deg C","20624994","20781","ABM","HOBO"
"04/21/23 15:00:00",16.01,"deg C","20624994","20781","ABM","HOBO"
"04/21/23 16:00:00",15.772,"deg C","20624994","20781","ABM","HOBO"
"04/21/23 17:00:00",15.342,"deg C","20624994","20781","ABM","HOBO"
"04/21/23 18:00:00",14.673,"deg C","20624994","20781","ABM","HOBO"
"04/21/23 19:00:00",13.858,"deg C","20624994","20781","ABM","HOBO"
"04/21/23 20:00:00",13.088,"deg C","20624994","20781","ABM","HOBO"
"04/21/23 21:00:00",12.413,"deg C","20624994","20781","ABM","HOBO"
"04/21/23 22:00:00",11.904,"deg C","20624994","20781","ABM","HOBO"
"04/21/23 23:00:00",11.443,"deg C","20624994","20781","ABM","HOBO"
"04/22/23 00:00:00",11.102,"deg C","20624994","20781","ABM","HOBO"
"04/22/23 01:00:00",10.858,"deg C","20624994","20781","ABM","HOBO"
"04/22/23 02:00:00",10.614,"deg C","20624994","20781","ABM","HOBO"
"04/22/23 03:00:00",10.394,"deg C","20624994","20781","ABM","HOBO"
"04/22/23 04:00:00",10.222,"deg C","20624994","20781","ABM","HOBO"
"04/22/23 05:00:00",10.075,"deg C","20624994","20781","ABM","HOBO"
"04/22/23 06:00:00",9.952,"deg C","20624994","20781","ABM","HOBO"
"04/22/23 07:00:00",9.879,"deg C","20624994","20781","ABM","HOBO"
"04/22/23 08:00:00",9.879,"deg C","20624994","20781","ABM","HOBO"
"04/22/23 09:00:00",9.928,"deg C","20624994","20781","ABM","HOBO"
"04/22/23 10:00:00",10.026,"deg C","20624994","20781","ABM","HOBO"
"04/22/23 11:00:00",10.296,"deg C","20624994","20781","ABM","HOBO"
"04/22/23 12:00:00",10.98,"deg C","20624994","20781","ABM","HOBO"
"04/22/23 13:00:00",11.71,"deg C","20624994","20781","ABM","HOBO"
"04/22/23 14:00:00",11.88,"deg C","20624994","20781","ABM","HOBO"
"04/22/23 15:00:00",12.122,"deg C","20624994","20781","ABM","HOBO"
"04/22/23 16:00:00",12.05,"deg C","20624994","20781","ABM","HOBO"
"04/22/23 17:00:00",11.929,"deg C","20624994","20781","ABM","HOBO"
"04/22/23 18:00:00",11.783,"deg C","20624994","20781","ABM","HOBO"
"04/22/23 19:00:00",11.662,"deg C","20624994","20781","ABM","HOBO"
"04/22/23 20:00:00",11.492,"deg C","20624994","20781","ABM","HOBO"
"04/22/23 21:00:00",11.273,"deg C","20624994","20781","ABM","HOBO"
"04/22/23 22:00:00",11.005,"deg C","20624994","20781","ABM","HOBO"
"04/22/23 23:00:00",10.834,"deg C","20624994","20781","ABM","HOBO"
"04/23/23 00:00:00",10.761,"deg C","20624994","20781","ABM","HOBO"
"04/23/23 01:00:00",10.663,"deg C","20624994","20781","ABM","HOBO"
"04/23/23 02:00:00",10.59,"deg C","20624994","20781","ABM","HOBO"
"04/23/23 03:00:00",10.492,"deg C","20624994","20781","ABM","HOBO"
"04/23/23 04:00:00",10.443,"deg C","20624994","20781","ABM","HOBO"
"04/23/23 05:00:00",10.369,"deg C","20624994","20781","ABM","HOBO"
"04/23/23 06:00:00",10.369,"deg C","20624994","20781","ABM","HOBO"
"04/23/23 07:00:00",10.369,"deg C","20624994","20781","ABM","HOBO"
"04/23/23 08:00:00",10.369,"deg C","20624994","20781","ABM","HOBO"
"04/23/23 09:00:00",10.394,"deg C","20624994","20781","ABM","HOBO"
"04/23/23 10:00:00",10.418,"deg C","20624994","20781","ABM","HOBO"
"04/23/23 11:00:00",10.492,"deg C","20624994","20781","ABM","HOBO"
"04/23/23 12:00:00",10.638,"deg C","20624994","20781","ABM","HOBO"
"04/23/23 13:00:00",10.834,"deg C","20624994","20781","ABM","HOBO"
"04/23/23 14:00:00",10.932,"deg C","20624994","20781","ABM","HOBO"
"04/23/23 15:00:00",11.127,"deg C","20624994","20781","ABM","HOBO"
"04/23/23 16:00:00",11.492,"deg C","20624994","20781","ABM","HOBO"
"04/23/23 17:00:00",11.54,"deg C","20624994","20781","ABM","HOBO"
"04/23/23 18:00:00",11.297,"deg C","20624994","20781","ABM","HOBO"
"04/23/23 19:00:00",11.053,"deg C","20624994","20781","ABM","HOBO"
"04/23/23 20:00:00",10.81,"deg C","20624994","20781","ABM","HOBO"
"04/23/23 21:00:00",10.467,"deg C","20624994","20781","ABM","HOBO"
"04/23/23 22:00:00",10.247,"deg C","20624994","20781","ABM","HOBO"
"04/23/23 23:00:00",10.124,"deg C","20624994","20781","ABM","HOBO"
"04/24/23 00:00:00",9.854,"deg C","20624994","20781","ABM","HOBO"
"04/24/23 01:00:00",9.608,"deg C","20624994","20781","ABM","HOBO"
"04/24/23 02:00:00",9.336,"deg C","20624994","20781","ABM","HOBO"
"04/24/23 03:00:00",9.139,"deg C","20624994","20781","ABM","HOBO"
"04/24/23 04:00:00",8.916,"deg C","20624994","20781","ABM","HOBO"
"04/24/23 05:00:00",8.792,"deg C","20624994","20781","ABM","HOBO"
"04/24/23 06:00:00",8.593,"deg C","20624994","20781","ABM","HOBO"
"04/24/23 07:00:00",8.494,"deg C","20624994","20781","ABM","HOBO"
"04/24/23 08:00:00",8.543,"deg C","20624994","20781","ABM","HOBO"
"04/24/23 09:00:00",8.891,"deg C","20624994","20781","ABM","HOBO"
"04/24/23 10:00:00",9.287,"deg C","20624994","20781","ABM","HOBO"
"04/24/23 11:00:00",9.952,"deg C","20624994","20781","ABM","HOBO"
"04/24/23 12:00:00",10.369,"deg C","20624994","20781","ABM","HOBO"
"04/24/23 13:00:00",11.297,"deg C","20624994","20781","ABM","HOBO"
"04/24/23 14:00:00",11.783,"deg C","20624994","20781","ABM","HOBO"
"04/24/23 15:00:00",12.074,"deg C","20624994","20781","ABM","HOBO"
"04/24/23 16:00:00",11.88,"deg C","20624994","20781","ABM","HOBO"
"04/24/23 17:00:00",11.662,"deg C","20624994","20781","ABM","HOBO"
"04/24/23 18:00:00",11.37,"deg C","20624994","20781","ABM","HOBO"
"04/24/23 19:00:00",11.005,"deg C","20624994","20781","ABM","HOBO"
"04/24/23 20:00:00",10.492,"deg C","20624994","20781","ABM","HOBO"
"04/24/23 21:00:00",10.001,"deg C","20624994","20781","ABM","HOBO"
"04/24/23 22:00:00",9.583,"deg C","20624994","20781","ABM","HOBO"
"04/24/23 23:00:00",9.238,"deg C","20624994","20781","ABM","HOBO"
"04/25/23 00:00:00",8.916,"deg C","20624994","20781","ABM","HOBO"
"04/25/23 01:00:00",8.618,"deg C","20624994","20781","ABM","HOBO"
"04/25/23 02:00:00",8.394,"deg C","20624994","20781","ABM","HOBO"
"04/25/23 03:00:00",8.17,"deg C","20624994","20781","ABM","HOBO"
"04/25/23 04:00:00",7.945,"deg C","20624994","20781","ABM","HOBO"
"04/25/23 05:00:00",7.77,"deg C","20624994","20781","ABM","HOBO"
"04/25/23 06:00:00",7.569,"deg C","20624994","20781","ABM","HOBO"
"04/25/23 07:00:00",7.544,"deg C","20624994","20781","ABM","HOBO"
"04/25/23 08:00:00",7.77,"deg C","20624994","20781","ABM","HOBO"
"04/25/23 09:00:00",8.295,"deg C","20624994","20781","ABM","HOBO"
"04/25/23 10:00:00",9.213,"deg C","20624994","20781","ABM","HOBO"
"04/25/23 11:00:00",10.271,"deg C","20624994","20781","ABM","HOBO"
"04/25/23 12:00:00",10.369,"deg C","20624994","20781","ABM","HOBO"
"04/25/23 13:00:00",10.516,"deg C","20624994","20781","ABM","HOBO"
"04/25/23 14:00:00",10.81,"deg C","20624994","20781","ABM","HOBO"
"04/25/23 15:00:00",11.224,"deg C","20624994","20781","ABM","HOBO"
"04/25/23 16:00:00",11.175,"deg C","20624994","20781","ABM","HOBO"
"04/25/23 17:00:00",11.005,"deg C","20624994","20781","ABM","HOBO"
"04/25/23 18:00:00",10.712,"deg C","20624994","20781","ABM","HOBO"
"04/25/23 19:00:00",10.467,"deg C","20624994","20781","ABM","HOBO"
"04/25/23 20:00:00",10.026,"deg C","20624994","20781","ABM","HOBO"
"04/25/23 21:00:00",9.534,"deg C","20624994","20781","ABM","HOBO"
"04/25/23 22:00:00",9.139,"deg C","20624994","20781","ABM","HOBO"
"04/25/23 23:00:00",8.767,"deg C","20624994","20781","ABM","HOBO"
"04/26/23 00:00:00",8.469,"deg C","20624994","20781","ABM","HOBO"
"04/26/23 01:00:00",8.145,"deg C","20624994","20781","ABM","HOBO"
"04/26/23 02:00:00",7.895,"deg C","20624994","20781","ABM","HOBO"
"04/26/23 03:00:00",7.695,"deg C","20624994","20781","ABM","HOBO"
"04/26/23 04:00:00",7.393,"deg C","20624994","20781","ABM","HOBO"
"04/26/23 05:00:00",7.142,"deg C","20624994","20781","ABM","HOBO"
"04/26/23 06:00:00",6.965,"deg C","20624994","20781","ABM","HOBO"
"04/26/23 07:00:00",6.864,"deg C","20624994","20781","ABM","HOBO"
"04/26/23 08:00:00",7.116,"deg C","20624994","20781","ABM","HOBO"
"04/26/23 09:00:00",7.619,"deg C","20624994","20781","ABM","HOBO"
"04/26/23 10:00:00",8.618,"deg C","20624994","20781","ABM","HOBO"
"04/26/23 11:00:00",10.001,"deg C","20624994","20781","ABM","HOBO"
"04/26/23 12:00:00",11.053,"deg C","20624994","20781","ABM","HOBO"
"04/26/23 13:00:00",12.219,"deg C","20624994","20781","ABM","HOBO"
"04/26/23 14:00:00",12.606,"deg C","20624994","20781","ABM","HOBO"
"04/26/23 15:00:00",12.05,"deg C","20624994","20781","ABM","HOBO"
"04/26/23 16:00:00",11.467,"deg C","20624994","20781","ABM","HOBO"
"04/26/23 17:00:00",11.419,"deg C","20624994","20781","ABM","HOBO"
"04/26/23 18:00:00",11.175,"deg C","20624994","20781","ABM","HOBO"
"04/26/23 19:00:00",10.761,"deg C","20624994","20781","ABM","HOBO"
"04/26/23 20:00:00",10.296,"deg C","20624994","20781","ABM","HOBO"
"04/26/23 21:00:00",9.879,"deg C","20624994","20781","ABM","HOBO"
"04/26/23 22:00:00",9.583,"deg C","20624994","20781","ABM","HOBO"
"04/26/23 23:00:00",9.41,"deg C","20624994","20781","ABM","HOBO"
"04/27/23 00:00:00",9.312,"deg C","20624994","20781","ABM","HOBO"
"04/27/23 01:00:00",9.213,"deg C","20624994","20781","ABM","HOBO"
"04/27/23 02:00:00",9.139,"deg C","20624994","20781","ABM","HOBO"
"04/27/23 03:00:00",9.089,"deg C","20624994","20781","ABM","HOBO"
"04/27/23 04:00:00",9.04,"deg C","20624994","20781","ABM","HOBO"
"04/27/23 05:00:00",8.965,"deg C","20624994","20781","ABM","HOBO"
"04/27/23 06:00:00",8.916,"deg C","20624994","20781","ABM","HOBO"
"04/27/23 07:00:00",8.891,"deg C","20624994","20781","ABM","HOBO"
"04/27/23 08:00:00",8.916,"deg C","20624994","20781","ABM","HOBO"
"04/27/23 09:00:00",9.114,"deg C","20624994","20781","ABM","HOBO"
"04/27/23 10:00:00",9.064,"deg C","20624994","20781","ABM","HOBO"
"04/27/23 11:00:00",9.163,"deg C","20624994","20781","ABM","HOBO"
"04/27/23 12:00:00",9.608,"deg C","20624994","20781","ABM","HOBO"
"04/27/23 13:00:00",10.124,"deg C","20624994","20781","ABM","HOBO"
"04/27/23 14:00:00",11.053,"deg C","20624994","20781","ABM","HOBO"
"04/27/23 15:00:00",11.734,"deg C","20624994","20781","ABM","HOBO"
"04/27/23 16:00:00",12.171,"deg C","20624994","20781","ABM","HOBO"
"04/27/23 17:00:00",12.001,"deg C","20624994","20781","ABM","HOBO"
"04/27/23 18:00:00",11.734,"deg C","20624994","20781","ABM","HOBO"
"04/27/23 19:00:00",11.273,"deg C","20624994","20781","ABM","HOBO"
"04/27/23 20:00:00",10.81,"deg C","20624994","20781","ABM","HOBO"
"04/27/23 21:00:00",10.32,"deg C","20624994","20781","ABM","HOBO"
"04/27/23 22:00:00",9.879,"deg C","20624994","20781","ABM","HOBO"
"04/27/23 23:00:00",9.534,"deg C","20624994","20781","ABM","HOBO"
"04/28/23 00:00:00",9.238,"deg C","20624994","20781","ABM","HOBO"
"04/28/23 01:00:00",8.941,"deg C","20624994","20781","ABM","HOBO"
"04/28/23 02:00:00",8.693,"deg C","20624994","20781","ABM","HOBO"
"04/28/23 03:00:00",8.543,"deg C","20624994","20781","ABM","HOBO"
"04/28/23 04:00:00",8.319,"deg C","20624994","20781","ABM","HOBO"
"04/28/23 05:00:00",8.145,"deg C","20624994","20781","ABM","HOBO"
"04/28/23 06:00:00",7.92,"deg C","20624994","20781","ABM","HOBO"
"04/28/23 07:00:00",7.87,"deg C","20624994","20781","ABM","HOBO"
"04/28/23 08:00:00",7.995,"deg C","20624994","20781","ABM","HOBO"
"04/28/23 09:00:00",8.295,"deg C","20624994","20781","ABM","HOBO"
"04/28/23 10:00:00",8.693,"deg C","20624994","20781","ABM","HOBO"
"04/28/23 11:00:00",9.386,"deg C","20624994","20781","ABM","HOBO"
"04/28/23 12:00:00",11.102,"deg C","20624994","20781","ABM","HOBO"
"04/28/23 13:00:00",12.122,"deg C","20624994","20781","ABM","HOBO"
"04/28/23 14:00:00",12.558,"deg C","20624994","20781","ABM","HOBO"
"04/28/23 15:00:00",12.582,"deg C","20624994","20781","ABM","HOBO"
"04/28/23 16:00:00",12.364,"deg C","20624994","20781","ABM","HOBO"
"04/28/23 17:00:00",11.977,"deg C","20624994","20781","ABM","HOBO"
"04/28/23 18:00:00",11.662,"deg C","20624994","20781","ABM","HOBO"
"04/28/23 19:00:00",11.297,"deg C","20624994","20781","ABM","HOBO"
"04/28/23 20:00:00",10.956,"deg C","20624994","20781","ABM","HOBO"
"04/28/23 21:00:00",10.638,"deg C","20624994","20781","ABM","HOBO"
"04/28/23 22:00:00",10.345,"deg C","20624994","20781","ABM","HOBO"
"04/28/23 23:00:00",10.124,"deg C","20624994","20781","ABM","HOBO"
"04/29/23 00:00:00",9.928,"deg C","20624994","20781","ABM","HOBO"
"04/29/23 01:00:00",9.731,"deg C","20624994","20781","ABM","HOBO"
"04/29/23 02:00:00",9.534,"deg C","20624994","20781","ABM","HOBO"
"04/29/23 03:00:00",9.435,"deg C","20624994","20781","ABM","HOBO"
"04/29/23 04:00:00",9.312,"deg C","20624994","20781","ABM","HOBO"
"04/29/23 05:00:00",9.114,"deg C","20624994","20781","ABM","HOBO"
"04/29/23 06:00:00",8.965,"deg C","20624994","20781","ABM","HOBO"
"04/29/23 07:00:00",8.891,"deg C","20624994","20781","ABM","HOBO"
"04/29/23 08:00:00",8.891,"deg C","20624994","20781","ABM","HOBO"
"04/29/23 09:00:00",8.891,"deg C","20624994","20781","ABM","HOBO"
"04/29/23 10:00:00",8.891,"deg C","20624994","20781","ABM","HOBO"
"04/29/23 11:00:00",8.99,"deg C","20624994","20781","ABM","HOBO"
"04/29/23 12:00:00",9.41,"deg C","20624994","20781","ABM","HOBO"
"04/29/23 13:00:00",9.756,"deg C","20624994","20781","ABM","HOBO"
"04/29/23 14:00:00",10.173,"deg C","20624994","20781","ABM","HOBO"
"04/29/23 15:00:00",10.32,"deg C","20624994","20781","ABM","HOBO"
"04/29/23 16:00:00",10.345,"deg C","20624994","20781","ABM","HOBO"
"04/29/23 17:00:00",10.418,"deg C","20624994","20781","ABM","HOBO"
"04/29/23 18:00:00",10.271,"deg C","20624994","20781","ABM","HOBO"
"04/29/23 19:00:00",10.075,"deg C","20624994","20781","ABM","HOBO"
"04/29/23 20:00:00",9.829,"deg C","20624994","20781","ABM","HOBO"
"04/29/23 21:00:00",9.583,"deg C","20624994","20781","ABM","HOBO"
"04/29/23 22:00:00",9.41,"deg C","20624994","20781","ABM","HOBO"
"04/29/23 23:00:00",9.262,"deg C","20624994","20781","ABM","HOBO"
"04/30/23 00:00:00",9.188,"deg C","20624994","20781","ABM","HOBO"
"04/30/23 01:00:00",9.114,"deg C","20624994","20781","ABM","HOBO"
"04/30/23 02:00:00",9.064,"deg C","20624994","20781","ABM","HOBO"
"04/30/23 03:00:00",9.04,"deg C","20624994","20781","ABM","HOBO"
"04/30/23 04:00:00",9.04,"deg C","20624994","20781","ABM","HOBO"
"04/30/23 05:00:00",9.04,"deg C","20624994","20781","ABM","HOBO"
"04/30/23 06:00:00",9.04,"deg C","20624994","20781","ABM","HOBO"
"04/30/23 07:00:00",9.064,"deg C","20624994","20781","ABM","HOBO"
"04/30/23 08:00:00",9.139,"deg C","20624994","20781","ABM","HOBO"
"04/30/23 09:00:00",9.287,"deg C","20624994","20781","ABM","HOBO"
"04/30/23 10:00:00",9.509,"deg C","20624994","20781","ABM","HOBO"
"04/30/23 11:00:00",9.756,"deg C","20624994","20781","ABM","HOBO"
"04/30/23 12:00:00",9.829,"deg C","20624994","20781","ABM","HOBO"
"04/30/23 13:00:00",9.879,"deg C","20624994","20781","ABM","HOBO"
"04/30/23 14:00:00",9.952,"deg C","20624994","20781","ABM","HOBO"
"04/30/23 15:00:00",10.026,"deg C","20624994","20781","ABM","HOBO"
"04/30/23 16:00:00",10.001,"deg C","20624994","20781","ABM","HOBO"
"04/30/23 17:00:00",9.952,"deg C","20624994","20781","ABM","HOBO"
"04/30/23 18:00:00",9.879,"deg C","20624994","20781","ABM","HOBO"
"04/30/23 19:00:00",9.78,"deg C","20624994","20781","ABM","HOBO"
"04/30/23 20:00:00",9.632,"deg C","20624994","20781","ABM","HOBO"
"04/30/23 21:00:00",9.583,"deg C","20624994","20781","ABM","HOBO"
"04/30/23 22:00:00",9.608,"deg C","20624994","20781","ABM","HOBO"
"04/30/23 23:00:00",9.632,"deg C","20624994","20781","ABM","HOBO"
"05/01/23 00:00:00",9.682,"deg C","20624994","20781","ABM","HOBO"
"05/01/23 01:00:00",9.731,"deg C","20624994","20781","ABM","HOBO"
"05/01/23 02:00:00",9.805,"deg C","20624994","20781","ABM","HOBO"
"05/01/23 03:00:00",9.829,"deg C","20624994","20781","ABM","HOBO"
"05/01/23 04:00:00",9.854,"deg C","20624994","20781","ABM","HOBO"
"05/01/23 05:00:00",9.903,"deg C","20624994","20781","ABM","HOBO"
"05/01/23 06:00:00",9.829,"deg C","20624994","20781","ABM","HOBO"
"05/01/23 07:00:00",9.583,"deg C","20624994","20781","ABM","HOBO"
"05/01/23 08:00:00",9.534,"deg C","20624994","20781","ABM","HOBO"
"05/01/23 09:00:00",9.485,"deg C","20624994","20781","ABM","HOBO"
"05/01/23 10:00:00",9.879,"deg C","20624994","20781","ABM","HOBO"
"05/01/23 11:00:00",11.005,"deg C","20624994","20781","ABM","HOBO"
"05/01/23 12:00:00",11.71,"deg C","20624994","20781","ABM","HOBO"
"05/01/23 13:00:00",12.195,"deg C","20624994","20781","ABM","HOBO"
"05/01/23 14:00:00",12.098,"deg C","20624994","20781","ABM","HOBO"
"05/01/23 15:00:00",11.686,"deg C","20624994","20781","ABM","HOBO"
"05/01/23 16:00:00",11.443,"deg C","20624994","20781","ABM","HOBO"
"05/01/23 17:00:00",11.297,"deg C","20624994","20781","ABM","HOBO"
"05/01/23 18:00:00",11.029,"deg C","20624994","20781","ABM","HOBO"
"05/01/23 19:00:00",10.761,"deg C","20624994","20781","ABM","HOBO"
"05/01/23 20:00:00",10.467,"deg C","20624994","20781","ABM","HOBO"
"05/01/23 21:00:00",10.247,"deg C","20624994","20781","ABM","HOBO"
"05/01/23 22:00:00",9.903,"deg C","20624994","20781","ABM","HOBO"
"05/01/23 23:00:00",9.657,"deg C","20624994","20781","ABM","HOBO"
"05/02/23 00:00:00",9.41,"deg C","20624994","20781","ABM","HOBO"
"05/02/23 01:00:00",9.163,"deg C","20624994","20781","ABM","HOBO"
"05/02/23 02:00:00",8.965,"deg C","20624994","20781","ABM","HOBO"
"05/02/23 03:00:00",8.841,"deg C","20624994","20781","ABM","HOBO"
"05/02/23 04:00:00",8.717,"deg C","20624994","20781","ABM","HOBO"
"05/02/23 05:00:00",8.693,"deg C","20624994","20781","ABM","HOBO"
"05/02/23 06:00:00",8.742,"deg C","20624994","20781","ABM","HOBO"
"05/02/23 07:00:00",8.742,"deg C","20624994","20781","ABM","HOBO"
"05/02/23 08:00:00",8.891,"deg C","20624994","20781","ABM","HOBO"
"05/02/23 09:00:00",9.089,"deg C","20624994","20781","ABM","HOBO"
"05/02/23 10:00:00",9.262,"deg C","20624994","20781","ABM","HOBO"
"05/02/23 11:00:00",9.361,"deg C","20624994","20781","ABM","HOBO"
"05/02/23 12:00:00",9.435,"deg C","20624994","20781","ABM","HOBO"
"05/02/23 13:00:00",10.149,"deg C","20624994","20781","ABM","HOBO"
"05/02/23 14:00:00",10.614,"deg C","20624994","20781","ABM","HOBO"
"05/02/23 15:00:00",11.175,"deg C","20624994","20781","ABM","HOBO"
"05/02/23 16:00:00",11.224,"deg C","20624994","20781","ABM","HOBO"
"05/02/23 17:00:00",10.956,"deg C","20624994","20781","ABM","HOBO"
"05/02/23 18:00:00",10.785,"deg C","20624994","20781","ABM","HOBO"
"05/02/23 19:00:00",10.467,"deg C","20624994","20781","ABM","HOBO"
"05/02/23 20:00:00",10.051,"deg C","20624994","20781","ABM","HOBO"
"05/02/23 21:00:00",9.632,"deg C","20624994","20781","ABM","HOBO"
"05/02/23 22:00:00",9.262,"deg C","20624994","20781","ABM","HOBO"
"05/02/23 23:00:00",9.04,"deg C","20624994","20781","ABM","HOBO"
"05/03/23 00:00:00",8.891,"deg C","20624994","20781","ABM","HOBO"
"05/03/23 01:00:00",8.742,"deg C","20624994","20781","ABM","HOBO"
"05/03/23 02:00:00",8.668,"deg C","20624994","20781","ABM","HOBO"
"05/03/23 03:00:00",8.543,"deg C","20624994","20781","ABM","HOBO"
"05/03/23 04:00:00",8.369,"deg C","20624994","20781","ABM","HOBO"
"05/03/23 05:00:00",8.245,"deg C","20624994","20781","ABM","HOBO"
"05/03/23 06:00:00",8.12,"deg C","20624994","20781","ABM","HOBO"
"05/03/23 07:00:00",8.095,"deg C","20624994","20781","ABM","HOBO"
"05/03/23 08:00:00",8.295,"deg C","20624994","20781","ABM","HOBO"
"05/03/23 09:00:00",8.519,"deg C","20624994","20781","ABM","HOBO"
"05/03/23 10:00:00",8.965,"deg C","20624994","20781","ABM","HOBO"
"05/03/23 11:00:00",9.312,"deg C","20624994","20781","ABM","HOBO"
"05/03/23 12:00:00",10.443,"deg C","20624994","20781","ABM","HOBO"
"05/03/23 13:00:00",10.712,"deg C","20624994","20781","ABM","HOBO"
"05/03/23 14:00:00",11.005,"deg C","20624994","20781","ABM","HOBO"
"05/03/23 15:00:00",11.492,"deg C","20624994","20781","ABM","HOBO"
"05/03/23 16:00:00",11.686,"deg C","20624994","20781","ABM","HOBO"
"05/03/23 17:00:00",11.54,"deg C","20624994","20781","ABM","HOBO"
"05/03/23 18:00:00",11.2,"deg C","20624994","20781","ABM","HOBO"
"05/03/23 19:00:00",10.858,"deg C","20624994","20781","ABM","HOBO"
"05/03/23 20:00:00",10.565,"deg C","20624994","20781","ABM","HOBO"
"05/03/23 21:00:00",10.247,"deg C","20624994","20781","ABM","HOBO"
"05/03/23 22:00:00",9.952,"deg C","20624994","20781","ABM","HOBO"
"05/03/23 23:00:00",9.756,"deg C","20624994","20781","ABM","HOBO"
"05/04/23 00:00:00",9.583,"deg C","20624994","20781","ABM","HOBO"
"05/04/23 01:00:00",9.41,"deg C","20624994","20781","ABM","HOBO"
"05/04/23 02:00:00",9.287,"deg C","20624994","20781","ABM","HOBO"
"05/04/23 03:00:00",9.163,"deg C","20624994","20781","ABM","HOBO"
"05/04/23 04:00:00",9.064,"deg C","20624994","20781","ABM","HOBO"
"05/04/23 05:00:00",8.965,"deg C","20624994","20781","ABM","HOBO"
"05/04/23 06:00:00",8.841,"deg C","20624994","20781","ABM","HOBO"
"05/04/23 07:00:00",8.742,"deg C","20624994","20781","ABM","HOBO"
"05/04/23 08:00:00",8.693,"deg C","20624994","20781","ABM","HOBO"
"05/04/23 09:00:00",8.891,"deg C","20624994","20781","ABM","HOBO"
"05/04/23 10:00:00",8.99,"deg C","20624994","20781","ABM","HOBO"
"05/04/23 11:00:00",9.361,"deg C","20624994","20781","ABM","HOBO"
"05/04/23 12:00:00",9.879,"deg C","20624994","20781","ABM","HOBO"
"05/04/23 13:00:00",10.222,"deg C","20624994","20781","ABM","HOBO"
"05/04/23 14:00:00",10.296,"deg C","20624994","20781","ABM","HOBO"
"05/04/23 15:00:00",11.029,"deg C","20624994","20781","ABM","HOBO"
"05/04/23 16:00:00",10.907,"deg C","20624994","20781","ABM","HOBO"
"05/04/23 17:00:00",10.98,"deg C","20624994","20781","ABM","HOBO"
"05/04/23 18:00:00",10.785,"deg C","20624994","20781","ABM","HOBO"
"05/04/23 19:00:00",10.565,"deg C","20624994","20781","ABM","HOBO"
"05/04/23 20:00:00",10.271,"deg C","20624994","20781","ABM","HOBO"
"05/04/23 21:00:00",10.026,"deg C","20624994","20781","ABM","HOBO"
"05/04/23 22:00:00",9.829,"deg C","20624994","20781","ABM","HOBO"
"05/04/23 23:00:00",9.608,"deg C","20624994","20781","ABM","HOBO"
"05/05/23 00:00:00",9.435,"deg C","20624994","20781","ABM","HOBO"
"05/05/23 01:00:00",9.336,"deg C","20624994","20781","ABM","HOBO"
"05/05/23 02:00:00",9.188,"deg C","20624994","20781","ABM","HOBO"
"05/05/23 03:00:00",9.064,"deg C","20624994","20781","ABM","HOBO"
"05/05/23 04:00:00",8.941,"deg C","20624994","20781","ABM","HOBO"
"05/05/23 05:00:00",8.841,"deg C","20624994","20781","ABM","HOBO"
"05/05/23 06:00:00",8.767,"deg C","20624994","20781","ABM","HOBO"
"05/05/23 07:00:00",8.717,"deg C","20624994","20781","ABM","HOBO"
"05/05/23 08:00:00",8.965,"deg C","20624994","20781","ABM","HOBO"
"05/05/23 09:00:00",9.188,"deg C","20624994","20781","ABM","HOBO"
"05/05/23 10:00:00",9.731,"deg C","20624994","20781","ABM","HOBO"
"05/05/23 11:00:00",10.247,"deg C","20624994","20781","ABM","HOBO"
"05/05/23 12:00:00",10.712,"deg C","20624994","20781","ABM","HOBO"
"05/05/23 13:00:00",11.273,"deg C","20624994","20781","ABM","HOBO"
"05/05/23 14:00:00",11.516,"deg C","20624994","20781","ABM","HOBO"
"05/05/23 15:00:00",11.686,"deg C","20624994","20781","ABM","HOBO"
"05/05/23 16:00:00",12.001,"deg C","20624994","20781","ABM","HOBO"
"05/05/23 17:00:00",11.832,"deg C","20624994","20781","ABM","HOBO"
"05/05/23 18:00:00",11.807,"deg C","20624994","20781","ABM","HOBO"
"05/05/23 19:00:00",11.516,"deg C","20624994","20781","ABM","HOBO"
"05/05/23 20:00:00",11.2,"deg C","20624994","20781","ABM","HOBO"
"05/05/23 21:00:00",10.883,"deg C","20624994","20781","ABM","HOBO"
"05/05/23 22:00:00",10.565,"deg C","20624994","20781","ABM","HOBO"
"05/05/23 23:00:00",10.345,"deg C","20624994","20781","ABM","HOBO"
"05/06/23 00:00:00",10.124,"deg C","20624994","20781","ABM","HOBO"
"05/06/23 01:00:00",9.854,"deg C","20624994","20781","ABM","HOBO"
"05/06/23 02:00:00",9.608,"deg C","20624994","20781","ABM","HOBO"
"05/06/23 03:00:00",9.386,"deg C","20624994","20781","ABM","HOBO"
"05/06/23 04:00:00",9.188,"deg C","20624994","20781","ABM","HOBO"
"05/06/23 05:00:00",9.04,"deg C","20624994","20781","ABM","HOBO"
"05/06/23 06:00:00",8.891,"deg C","20624994","20781","ABM","HOBO"
"05/06/23 07:00:00",8.916,"deg C","20624994","20781","ABM","HOBO"
"05/06/23 08:00:00",9.163,"deg C","20624994","20781","ABM","HOBO"
"05/06/23 09:00:00",9.756,"deg C","20624994","20781","ABM","HOBO"
"05/06/23 10:00:00",10.736,"deg C","20624994","20781","ABM","HOBO"
"05/06/23 11:00:00",12.001,"deg C","20624994","20781","ABM","HOBO"
"05/06/23 12:00:00",13.064,"deg C","20624994","20781","ABM","HOBO"
"05/06/23 13:00:00",13.882,"deg C","20624994","20781","ABM","HOBO"
"05/06/23 14:00:00",14.745,"deg C","20624994","20781","ABM","HOBO"
"05/06/23 15:00:00",15.127,"deg C","20624994","20781","ABM","HOBO"
"05/06/23 16:00:00",15.27,"deg C","20624994","20781","ABM","HOBO"
"05/06/23 17:00:00",14.984,"deg C","20624994","20781","ABM","HOBO"
"05/06/23 18:00:00",14.385,"deg C","20624994","20781","ABM","HOBO"
"05/06/23 19:00:00",13.762,"deg C","20624994","20781","ABM","HOBO"
"05/06/23 20:00:00",13.185,"deg C","20624994","20781","ABM","HOBO"
"05/06/23 21:00:00",12.63,"deg C","20624994","20781","ABM","HOBO"
"05/06/23 22:00:00",12.171,"deg C","20624994","20781","ABM","HOBO"
"05/06/23 23:00:00",11.783,"deg C","20624994","20781","ABM","HOBO"
"05/07/23 00:00:00",11.443,"deg C","20624994","20781","ABM","HOBO"
"05/07/23 01:00:00",11.175,"deg C","20624994","20781","ABM","HOBO"
"05/07/23 02:00:00",10.932,"deg C","20624994","20781","ABM","HOBO"
"05/07/23 03:00:00",10.687,"deg C","20624994","20781","ABM","HOBO"
"05/07/23 04:00:00",10.467,"deg C","20624994","20781","ABM","HOBO"
"05/07/23 05:00:00",10.271,"deg C","20624994","20781","ABM","HOBO"
"05/07/23 06:00:00",10.1,"deg C","20624994","20781","ABM","HOBO"
"05/07/23 07:00:00",10.026,"deg C","20624994","20781","ABM","HOBO"
"05/07/23 08:00:00",10.222,"deg C","20624994","20781","ABM","HOBO"
"05/07/23 09:00:00",10.761,"deg C","20624994","20781","ABM","HOBO"
"05/07/23 10:00:00",11.662,"deg C","20624994","20781","ABM","HOBO"
"05/07/23 11:00:00",12.896,"deg C","20624994","20781","ABM","HOBO"
"05/07/23 12:00:00",14.242,"deg C","20624994","20781","ABM","HOBO"
"05/07/23 13:00:00",15.247,"deg C","20624994","20781","ABM","HOBO"
"05/07/23 14:00:00",16.034,"deg C","20624994","20781","ABM","HOBO"
"05/07/23 15:00:00",16.272,"deg C","20624994","20781","ABM","HOBO"
"05/07/23 16:00:00",16.106,"deg C","20624994","20781","ABM","HOBO"
"05/07/23 17:00:00",15.939,"deg C","20624994","20781","ABM","HOBO"
"05/07/23 18:00:00",15.485,"deg C","20624994","20781","ABM","HOBO"
"05/07/23 19:00:00",15.008,"deg C","20624994","20781","ABM","HOBO"
"05/07/23 20:00:00",14.577,"deg C","20624994","20781","ABM","HOBO"
"05/07/23 21:00:00",14.146,"deg C","20624994","20781","ABM","HOBO"
"05/07/23 22:00:00",13.834,"deg C","20624994","20781","ABM","HOBO"
"05/07/23 23:00:00",13.594,"deg C","20624994","20781","ABM","HOBO"
"05/08/23 00:00:00",13.281,"deg C","20624994","20781","ABM","HOBO"
"05/08/23 01:00:00",12.992,"deg C","20624994","20781","ABM","HOBO"
"05/08/23 02:00:00",12.775,"deg C","20624994","20781","ABM","HOBO"
"05/08/23 03:00:00",12.582,"deg C","20624994","20781","ABM","HOBO"
"05/08/23 04:00:00",12.437,"deg C","20624994","20781","ABM","HOBO"
"05/08/23 05:00:00",12.243,"deg C","20624994","20781","ABM","HOBO"
"05/08/23 06:00:00",12.098,"deg C","20624994","20781","ABM","HOBO"
"05/08/23 07:00:00",11.929,"deg C","20624994","20781","ABM","HOBO"
"05/08/23 08:00:00",11.977,"deg C","20624994","20781","ABM","HOBO"
"05/08/23 09:00:00",12.316,"deg C","20624994","20781","ABM","HOBO"
"05/08/23 10:00:00",13.016,"deg C","20624994","20781","ABM","HOBO"
"05/08/23 11:00:00",14.002,"deg C","20624994","20781","ABM","HOBO"
"05/08/23 12:00:00",14.936,"deg C","20624994","20781","ABM","HOBO"
"05/08/23 13:00:00",15.581,"deg C","20624994","20781","ABM","HOBO"
"05/08/23 14:00:00",16.082,"deg C","20624994","20781","ABM","HOBO"
"05/08/23 15:00:00",16.225,"deg C","20624994","20781","ABM","HOBO"
"05/08/23 16:00:00",16.129,"deg C","20624994","20781","ABM","HOBO"
"05/08/23 17:00:00",15.843,"deg C","20624994","20781","ABM","HOBO"
"05/08/23 18:00:00",15.294,"deg C","20624994","20781","ABM","HOBO"
"05/08/23 19:00:00",14.792,"deg C","20624994","20781","ABM","HOBO"
"05/08/23 20:00:00",14.29,"deg C","20624994","20781","ABM","HOBO"
"05/08/23 21:00:00",13.81,"deg C","20624994","20781","ABM","HOBO"
"05/08/23 22:00:00",13.353,"deg C","20624994","20781","ABM","HOBO"
"05/08/23 23:00:00",12.944,"deg C","20624994","20781","ABM","HOBO"
"05/09/23 00:00:00",12.582,"deg C","20624994","20781","ABM","HOBO"
"05/09/23 01:00:00",12.316,"deg C","20624994","20781","ABM","HOBO"
"05/09/23 02:00:00",11.977,"deg C","20624994","20781","ABM","HOBO"
"05/09/23 03:00:00",11.637,"deg C","20624994","20781","ABM","HOBO"
"05/09/23 04:00:00",11.297,"deg C","20624994","20781","ABM","HOBO"
"05/09/23 05:00:00",11.053,"deg C","20624994","20781","ABM","HOBO"
"05/09/23 06:00:00",10.883,"deg C","20624994","20781","ABM","HOBO"
"05/09/23 07:00:00",10.761,"deg C","20624994","20781","ABM","HOBO"
"05/09/23 08:00:00",10.858,"deg C","20624994","20781","ABM","HOBO"
"05/09/23 09:00:00",11.127,"deg C","20624994","20781","ABM","HOBO"
"05/09/23 10:00:00",11.637,"deg C","20624994","20781","ABM","HOBO"
"05/09/23 11:00:00",12.485,"deg C","20624994","20781","ABM","HOBO"
"05/09/23 12:00:00",13.137,"deg C","20624994","20781","ABM","HOBO"
"05/09/23 13:00:00",13.377,"deg C","20624994","20781","ABM","HOBO"
"05/09/23 14:00:00",13.93,"deg C","20624994","20781","ABM","HOBO"
"05/09/23 15:00:00",14.266,"deg C","20624994","20781","ABM","HOBO"
"05/09/23 16:00:00",14.29,"deg C","20624994","20781","ABM","HOBO"
"05/09/23 17:00:00",14.218,"deg C","20624994","20781","ABM","HOBO"
"05/09/23 18:00:00",13.978,"deg C","20624994","20781","ABM","HOBO"
"05/09/23 19:00:00",13.594,"deg C","20624994","20781","ABM","HOBO"
"05/09/23 20:00:00",13.161,"deg C","20624994","20781","ABM","HOBO"
"05/09/23 21:00:00",12.654,"deg C","20624994","20781","ABM","HOBO"
"05/09/23 22:00:00",12.147,"deg C","20624994","20781","ABM","HOBO"
"05/09/23 23:00:00",11.783,"deg C","20624994","20781","ABM","HOBO"
"05/10/23 00:00:00",11.443,"deg C","20624994","20781","ABM","HOBO"
"05/10/23 01:00:00",11.102,"deg C","20624994","20781","ABM","HOBO"
"05/10/23 02:00:00",10.761,"deg C","20624994","20781","ABM","HOBO"
"05/10/23 03:00:00",10.443,"deg C","20624994","20781","ABM","HOBO"
"05/10/23 04:00:00",10.149,"deg C","20624994","20781","ABM","HOBO"
"05/10/23 05:00:00",9.879,"deg C","20624994","20781","ABM","HOBO"
"05/10/23 06:00:00",9.632,"deg C","20624994","20781","ABM","HOBO"
"05/10/23 07:00:00",9.558,"deg C","20624994","20781","ABM","HOBO"
"05/10/23 08:00:00",9.854,"deg C","20624994","20781","ABM","HOBO"
"05/10/23 09:00:00",10.32,"deg C","20624994","20781","ABM","HOBO"
"05/10/23 10:00:00",10.956,"deg C","20624994","20781","ABM","HOBO"
"05/10/23 11:00:00",11.856,"deg C","20624994","20781","ABM","HOBO"
"05/10/23 12:00:00",12.847,"deg C","20624994","20781","ABM","HOBO"
"05/10/23 13:00:00",13.618,"deg C","20624994","20781","ABM","HOBO"
"05/10/23 14:00:00",14.337,"deg C","20624994","20781","ABM","HOBO"
"05/10/23 15:00:00",14.721,"deg C","20624994","20781","ABM","HOBO"
"05/10/23 16:00:00",14.816,"deg C","20624994","20781","ABM","HOBO"
"05/10/23 17:00:00",14.697,"deg C","20624994","20781","ABM","HOBO"
"05/10/23 18:00:00",14.457,"deg C","20624994","20781","ABM","HOBO"
"05/10/23 19:00:00",14.17,"deg C","20624994","20781","ABM","HOBO"
"05/10/23 20:00:00",13.786,"deg C","20624994","20781","ABM","HOBO"
"05/10/23 21:00:00",13.257,"deg C","20624994","20781","ABM","HOBO"
"05/10/23 22:00:00",12.847,"deg C","20624994","20781","ABM","HOBO"
"05/10/23 23:00:00",12.461,"deg C","20624994","20781","ABM","HOBO"
"05/11/23 00:00:00",12.122,"deg C","20624994","20781","ABM","HOBO"
"05/11/23 01:00:00",11.783,"deg C","20624994","20781","ABM","HOBO"
"05/11/23 02:00:00",11.467,"deg C","20624994","20781","ABM","HOBO"
"05/11/23 03:00:00",11.297,"deg C","20624994","20781","ABM","HOBO"
"05/11/23 04:00:00",11.2,"deg C","20624994","20781","ABM","HOBO"
"05/11/23 05:00:00",11.102,"deg C","20624994","20781","ABM","HOBO"
"05/11/23 06:00:00",10.98,"deg C","20624994","20781","ABM","HOBO"
"05/11/23 07:00:00",11.005,"deg C","20624994","20781","ABM","HOBO"
"05/11/23 08:00:00",11.2,"deg C","20624994","20781","ABM","HOBO"
"05/11/23 09:00:00",11.54,"deg C","20624994","20781","ABM","HOBO"
"05/11/23 10:00:00",12.147,"deg C","20624994","20781","ABM","HOBO"
"05/11/23 11:00:00",13.016,"deg C","20624994","20781","ABM","HOBO"
"05/11/23 12:00:00",13.858,"deg C","20624994","20781","ABM","HOBO"
"05/11/23 13:00:00",14.792,"deg C","20624994","20781","ABM","HOBO"
"05/11/23 14:00:00",15.485,"deg C","20624994","20781","ABM","HOBO"
"05/11/23 15:00:00",15.915,"deg C","20624994","20781","ABM","HOBO"
"05/11/23 16:00:00",16.034,"deg C","20624994","20781","ABM","HOBO"
"05/11/23 17:00:00",15.963,"deg C","20624994","20781","ABM","HOBO"
"05/11/23 18:00:00",15.748,"deg C","20624994","20781","ABM","HOBO"
"05/11/23 19:00:00",15.557,"deg C","20624994","20781","ABM","HOBO"
"05/11/23 20:00:00",15.127,"deg C","20624994","20781","ABM","HOBO"
"05/11/23 21:00:00",14.601,"deg C","20624994","20781","ABM","HOBO"
"05/11/23 22:00:00",14.194,"deg C","20624994","20781","ABM","HOBO"
"05/11/23 23:00:00",13.834,"deg C","20624994","20781","ABM","HOBO"
"05/12/23 00:00:00",13.57,"deg C","20624994","20781","ABM","HOBO"
"05/12/23 01:00:00",13.353,"deg C","20624994","20781","ABM","HOBO"
"05/12/23 02:00:00",13.137,"deg C","20624994","20781","ABM","HOBO"
"05/12/23 03:00:00",12.896,"deg C","20624994","20781","ABM","HOBO"
"05/12/23 04:00:00",12.751,"deg C","20624994","20781","ABM","HOBO"
"05/12/23 05:00:00",12.582,"deg C","20624994","20781","ABM","HOBO"
"05/12/23 06:00:00",12.461,"deg C","20624994","20781","ABM","HOBO"
"05/12/23 07:00:00",12.437,"deg C","20624994","20781","ABM","HOBO"
"05/12/23 08:00:00",12.558,"deg C","20624994","20781","ABM","HOBO"
"05/12/23 09:00:00",12.751,"deg C","20624994","20781","ABM","HOBO"
"05/12/23 10:00:00",13.377,"deg C","20624994","20781","ABM","HOBO"
"05/12/23 11:00:00",14.146,"deg C","20624994","20781","ABM","HOBO"
"05/12/23 12:00:00",15.079,"deg C","20624994","20781","ABM","HOBO"
"05/12/23 13:00:00",15.772,"deg C","20624994","20781","ABM","HOBO"
"05/12/23 14:00:00",16.606,"deg C","20624994","20781","ABM","HOBO"
"05/12/23 15:00:00",16.796,"deg C","20624994","20781","ABM","HOBO"
"05/12/23 16:00:00",16.63,"deg C","20624994","20781","ABM","HOBO"
"05/12/23 17:00:00",16.654,"deg C","20624994","20781","ABM","HOBO"
"05/12/23 18:00:00",16.487,"deg C","20624994","20781","ABM","HOBO"
"05/12/23 19:00:00",16.296,"deg C","20624994","20781","ABM","HOBO"
"05/12/23 20:00:00",16.177,"deg C","20624994","20781","ABM","HOBO"
"05/12/23 21:00:00",15.891,"deg C","20624994","20781","ABM","HOBO"
"05/12/23 22:00:00",15.485,"deg C","20624994","20781","ABM","HOBO"
"05/12/23 23:00:00",15.127,"deg C","20624994","20781","ABM","HOBO"
"05/13/23 00:00:00",14.936,"deg C","20624994","20781","ABM","HOBO"
"05/13/23 01:00:00",14.697,"deg C","20624994","20781","ABM","HOBO"
"05/13/23 02:00:00",14.505,"deg C","20624994","20781","ABM","HOBO"
"05/13/23 03:00:00",14.337,"deg C","20624994","20781","ABM","HOBO"
"05/13/23 04:00:00",14.242,"deg C","20624994","20781","ABM","HOBO"
"05/13/23 05:00:00",14.194,"deg C","20624994","20781","ABM","HOBO"
"05/13/23 06:00:00",14.098,"deg C","20624994","20781","ABM","HOBO"
"05/13/23 07:00:00",14.074,"deg C","20624994","20781","ABM","HOBO"
"05/13/23 08:00:00",14.074,"deg C","20624994","20781","ABM","HOBO"
"05/13/23 09:00:00",14.29,"deg C","20624994","20781","ABM","HOBO"
"05/13/23 10:00:00",14.745,"deg C","20624994","20781","ABM","HOBO"
"05/13/23 11:00:00",15.199,"deg C","20624994","20781","ABM","HOBO"
"05/13/23 12:00:00",15.605,"deg C","20624994","20781","ABM","HOBO"
"05/13/23 13:00:00",16.058,"deg C","20624994","20781","ABM","HOBO"
"05/13/23 14:00:00",16.272,"deg C","20624994","20781","ABM","HOBO"
"05/13/23 15:00:00",16.249,"deg C","20624994","20781","ABM","HOBO"
"05/13/23 16:00:00",16.296,"deg C","20624994","20781","ABM","HOBO"
"05/13/23 17:00:00",16.201,"deg C","20624994","20781","ABM","HOBO"
"05/13/23 18:00:00",15.891,"deg C","20624994","20781","ABM","HOBO"
"05/13/23 19:00:00",15.652,"deg C","20624994","20781","ABM","HOBO"
"05/13/23 20:00:00",15.438,"deg C","20624994","20781","ABM","HOBO"
"05/13/23 21:00:00",15.151,"deg C","20624994","20781","ABM","HOBO"
"05/13/23 22:00:00",14.888,"deg C","20624994","20781","ABM","HOBO"
"05/13/23 23:00:00",14.505,"deg C","20624994","20781","ABM","HOBO"
"05/14/23 00:00:00",14.242,"deg C","20624994","20781","ABM","HOBO"
"05/14/23 01:00:00",13.882,"deg C","20624994","20781","ABM","HOBO"
"05/14/23 02:00:00",13.57,"deg C","20624994","20781","ABM","HOBO"
"05/14/23 03:00:00",13.281,"deg C","20624994","20781","ABM","HOBO"
"05/14/23 04:00:00",12.968,"deg C","20624994","20781","ABM","HOBO"
"05/14/23 05:00:00",12.654,"deg C","20624994","20781","ABM","HOBO"
"05/14/23 06:00:00",12.364,"deg C","20624994","20781","ABM","HOBO"
"05/14/23 07:00:00",12.171,"deg C","20624994","20781","ABM","HOBO"
"05/14/23 08:00:00",12.147,"deg C","20624994","20781","ABM","HOBO"
"05/14/23 09:00:00",12.243,"deg C","20624994","20781","ABM","HOBO"
"05/14/23 10:00:00",12.461,"deg C","20624994","20781","ABM","HOBO"
"05/14/23 11:00:00",12.847,"deg C","20624994","20781","ABM","HOBO"
"05/14/23 12:00:00",13.329,"deg C","20624994","20781","ABM","HOBO"
"05/14/23 13:00:00",13.738,"deg C","20624994","20781","ABM","HOBO"
"05/14/23 14:00:00",14.194,"deg C","20624994","20781","ABM","HOBO"
"05/14/23 15:00:00",14.337,"deg C","20624994","20781","ABM","HOBO"
"05/14/23 16:00:00",14.337,"deg C","20624994","20781","ABM","HOBO"
"05/14/23 17:00:00",14.218,"deg C","20624994","20781","ABM","HOBO"
"05/14/23 18:00:00",14.098,"deg C","20624994","20781","ABM","HOBO"
"05/14/23 19:00:00",13.762,"deg C","20624994","20781","ABM","HOBO"
"05/14/23 20:00:00",13.473,"deg C","20624994","20781","ABM","HOBO"
"05/14/23 21:00:00",13.185,"deg C","20624994","20781","ABM","HOBO"
"05/14/23 22:00:00",12.896,"deg C","20624994","20781","ABM","HOBO"
"05/14/23 23:00:00",12.654,"deg C","20624994","20781","ABM","HOBO"
"05/15/23 00:00:00",12.364,"deg C","20624994","20781","ABM","HOBO"
"05/15/23 01:00:00",12.025,"deg C","20624994","20781","ABM","HOBO"
"05/15/23 02:00:00",11.734,"deg C","20624994","20781","ABM","HOBO"
"05/15/23 03:00:00",11.467,"deg C","20624994","20781","ABM","HOBO"
"05/15/23 04:00:00",11.224,"deg C","20624994","20781","ABM","HOBO"
"05/15/23 05:00:00",11.005,"deg C","20624994","20781","ABM","HOBO"
"05/15/23 06:00:00",10.712,"deg C","20624994","20781","ABM","HOBO"
"05/15/23 07:00:00",10.541,"deg C","20624994","20781","ABM","HOBO"
"05/15/23 08:00:00",10.638,"deg C","20624994","20781","ABM","HOBO"
"05/15/23 09:00:00",10.932,"deg C","20624994","20781","ABM","HOBO"
"05/15/23 10:00:00",11.297,"deg C","20624994","20781","ABM","HOBO"
"05/15/23 11:00:00",11.832,"deg C","20624994","20781","ABM","HOBO"
"05/15/23 12:00:00",12.364,"deg C","20624994","20781","ABM","HOBO"
"05/15/23 13:00:00",12.751,"deg C","20624994","20781","ABM","HOBO"
"05/15/23 14:00:00",13.329,"deg C","20624994","20781","ABM","HOBO"
"05/15/23 15:00:00",13.714,"deg C","20624994","20781","ABM","HOBO"
"05/15/23 16:00:00",13.93,"deg C","20624994","20781","ABM","HOBO"
"05/15/23 17:00:00",14.146,"deg C","20624994","20781","ABM","HOBO"
"05/15/23 18:00:00",14.146,"deg C","20624994","20781","ABM","HOBO"
"05/15/23 19:00:00",14.098,"deg C","20624994","20781","ABM","HOBO"
"05/15/23 20:00:00",13.906,"deg C","20624994","20781","ABM","HOBO"
"05/15/23 21:00:00",13.666,"deg C","20624994","20781","ABM","HOBO"
"05/15/23 22:00:00",13.377,"deg C","20624994","20781","ABM","HOBO"
"05/15/23 23:00:00",13.161,"deg C","20624994","20781","ABM","HOBO"
"05/16/23 00:00:00",13.112,"deg C","20624994","20781","ABM","HOBO"
"05/16/23 01:00:00",12.896,"deg C","20624994","20781","ABM","HOBO"
"05/16/23 02:00:00",12.678,"deg C","20624994","20781","ABM","HOBO"
"05/16/23 03:00:00",12.534,"deg C","20624994","20781","ABM","HOBO"
"05/16/23 04:00:00",12.364,"deg C","20624994","20781","ABM","HOBO"
"05/16/23 05:00:00",12.098,"deg C","20624994","20781","ABM","HOBO"
"05/16/23 06:00:00",11.856,"deg C","20624994","20781","ABM","HOBO"
"05/16/23 07:00:00",11.71,"deg C","20624994","20781","ABM","HOBO"
"05/16/23 08:00:00",11.662,"deg C","20624994","20781","ABM","HOBO"
"05/16/23 09:00:00",11.832,"deg C","20624994","20781","ABM","HOBO"
"05/16/23 10:00:00",12.122,"deg C","20624994","20781","ABM","HOBO"
"05/16/23 11:00:00",12.606,"deg C","20624994","20781","ABM","HOBO"
"05/16/23 12:00:00",13.185,"deg C","20624994","20781","ABM","HOBO"
"05/16/23 13:00:00",13.69,"deg C","20624994","20781","ABM","HOBO"
"05/16/23 14:00:00",14.002,"deg C","20624994","20781","ABM","HOBO"
"05/16/23 15:00:00",14.505,"deg C","20624994","20781","ABM","HOBO"
"05/16/23 16:00:00",14.553,"deg C","20624994","20781","ABM","HOBO"
"05/16/23 17:00:00",14.553,"deg C","20624994","20781","ABM","HOBO"
"05/16/23 18:00:00",14.433,"deg C","20624994","20781","ABM","HOBO"
"05/16/23 19:00:00",14.361,"deg C","20624994","20781","ABM","HOBO"
"05/16/23 20:00:00",14.529,"deg C","20624994","20781","ABM","HOBO"
"05/16/23 21:00:00",14.218,"deg C","20624994","20781","ABM","HOBO"
"05/16/23 22:00:00",13.858,"deg C","20624994","20781","ABM","HOBO"
"05/16/23 23:00:00",13.57,"deg C","20624994","20781","ABM","HOBO"
"05/17/23 00:00:00",13.401,"deg C","20624994","20781","ABM","HOBO"
"05/17/23 01:00:00",13.233,"deg C","20624994","20781","ABM","HOBO"
"05/17/23 02:00:00",13.137,"deg C","20624994","20781","ABM","HOBO"
"05/17/23 03:00:00",13.016,"deg C","20624994","20781","ABM","HOBO"
"05/17/23 04:00:00",12.847,"deg C","20624994","20781","ABM","HOBO"
"05/17/23 05:00:00",12.558,"deg C","20624994","20781","ABM","HOBO"
"05/17/23 06:00:00",12.243,"deg C","20624994","20781","ABM","HOBO"
"05/17/23 07:00:00",11.904,"deg C","20624994","20781","ABM","HOBO"
"05/17/23 08:00:00",11.637,"deg C","20624994","20781","ABM","HOBO"
"05/17/23 09:00:00",11.54,"deg C","20624994","20781","ABM","HOBO"
"05/17/23 10:00:00",11.54,"deg C","20624994","20781","ABM","HOBO"
"05/17/23 11:00:00",11.759,"deg C","20624994","20781","ABM","HOBO"
"05/17/23 12:00:00",12.001,"deg C","20624994","20781","ABM","HOBO"
"05/17/23 13:00:00",12.243,"deg C","20624994","20781","ABM","HOBO"
"05/17/23 14:00:00",12.509,"deg C","20624994","20781","ABM","HOBO"
"05/17/23 15:00:00",12.437,"deg C","20624994","20781","ABM","HOBO"
"05/17/23 16:00:00",12.413,"deg C","20624994","20781","ABM","HOBO"
"05/17/23 17:00:00",12.34,"deg C","20624994","20781","ABM","HOBO"
"05/17/23 18:00:00",12.171,"deg C","20624994","20781","ABM","HOBO"
"05/17/23 19:00:00",11.88,"deg C","20624994","20781","ABM","HOBO"
"05/17/23 20:00:00",11.54,"deg C","20624994","20781","ABM","HOBO"
"05/17/23 21:00:00",11.102,"deg C","20624994","20781","ABM","HOBO"
"05/17/23 22:00:00",10.736,"deg C","20624994","20781","ABM","HOBO"
"05/17/23 23:00:00",10.418,"deg C","20624994","20781","ABM","HOBO"
"05/18/23 00:00:00",10.051,"deg C","20624994","20781","ABM","HOBO"
"05/18/23 01:00:00",9.78,"deg C","20624994","20781","ABM","HOBO"
"05/18/23 02:00:00",9.485,"deg C","20624994","20781","ABM","HOBO"
"05/18/23 03:00:00",9.064,"deg C","20624994","20781","ABM","HOBO"
"05/18/23 04:00:00",8.693,"deg C","20624994","20781","ABM","HOBO"
"05/18/23 05:00:00",8.344,"deg C","20624994","20781","ABM","HOBO"
"05/18/23 06:00:00",8.095,"deg C","20624994","20781","ABM","HOBO"
"05/18/23 07:00:00",7.87,"deg C","20624994","20781","ABM","HOBO"
"05/18/23 08:00:00",8.02,"deg C","20624994","20781","ABM","HOBO"
"05/18/23 09:00:00",8.344,"deg C","20624994","20781","ABM","HOBO"
"05/18/23 10:00:00",8.742,"deg C","20624994","20781","ABM","HOBO"
"05/18/23 11:00:00",9.386,"deg C","20624994","20781","ABM","HOBO"
"05/18/23 12:00:00",10.026,"deg C","20624994","20781","ABM","HOBO"
"05/18/23 13:00:00",10.59,"deg C","20624994","20781","ABM","HOBO"
"05/18/23 14:00:00",10.761,"deg C","20624994","20781","ABM","HOBO"
"05/18/23 15:00:00",11.127,"deg C","20624994","20781","ABM","HOBO"
"05/18/23 16:00:00",11.297,"deg C","20624994","20781","ABM","HOBO"
"05/18/23 17:00:00",11.419,"deg C","20624994","20781","ABM","HOBO"
"05/18/23 18:00:00",11.54,"deg C","20624994","20781","ABM","HOBO"
"05/18/23 19:00:00",11.54,"deg C","20624994","20781","ABM","HOBO"
"05/18/23 20:00:00",11.443,"deg C","20624994","20781","ABM","HOBO"
"05/18/23 21:00:00",11.248,"deg C","20624994","20781","ABM","HOBO"
"05/18/23 22:00:00",11.029,"deg C","20624994","20781","ABM","HOBO"
"05/18/23 23:00:00",10.785,"deg C","20624994","20781","ABM","HOBO"
"05/19/23 00:00:00",10.565,"deg C","20624994","20781","ABM","HOBO"
"05/19/23 01:00:00",10.345,"deg C","20624994","20781","ABM","HOBO"
"05/19/23 02:00:00",10.149,"deg C","20624994","20781","ABM","HOBO"
"05/19/23 03:00:00",9.903,"deg C","20624994","20781","ABM","HOBO"
"05/19/23 04:00:00",9.706,"deg C","20624994","20781","ABM","HOBO"
"05/19/23 05:00:00",9.509,"deg C","20624994","20781","ABM","HOBO"
"05/19/23 06:00:00",9.435,"deg C","20624994","20781","ABM","HOBO"
"05/19/23 07:00:00",9.435,"deg C","20624994","20781","ABM","HOBO"
"05/19/23 08:00:00",9.632,"deg C","20624994","20781","ABM","HOBO"
"05/19/23 09:00:00",9.977,"deg C","20624994","20781","ABM","HOBO"
"05/19/23 10:00:00",10.418,"deg C","20624994","20781","ABM","HOBO"
"05/19/23 11:00:00",11.029,"deg C","20624994","20781","ABM","HOBO"
"05/19/23 12:00:00",11.419,"deg C","20624994","20781","ABM","HOBO"
"05/19/23 13:00:00",11.637,"deg C","20624994","20781","ABM","HOBO"
"05/19/23 14:00:00",11.686,"deg C","20624994","20781","ABM","HOBO"
"05/19/23 15:00:00",11.686,"deg C","20624994","20781","ABM","HOBO"
"05/19/23 16:00:00",11.856,"deg C","20624994","20781","ABM","HOBO"
"05/19/23 17:00:00",12.05,"deg C","20624994","20781","ABM","HOBO"
"05/19/23 18:00:00",12.171,"deg C","20624994","20781","ABM","HOBO"
"05/19/23 19:00:00",12.147,"deg C","20624994","20781","ABM","HOBO"
"05/19/23 20:00:00",12.171,"deg C","20624994","20781","ABM","HOBO"
"05/19/23 21:00:00",12.147,"deg C","20624994","20781","ABM","HOBO"
"05/19/23 22:00:00",11.977,"deg C","20624994","20781","ABM","HOBO"
"05/19/23 23:00:00",11.856,"deg C","20624994","20781","ABM","HOBO"
"05/20/23 00:00:00",11.734,"deg C","20624994","20781","ABM","HOBO"
"05/20/23 01:00:00",11.54,"deg C","20624994","20781","ABM","HOBO"
"05/20/23 02:00:00",11.37,"deg C","20624994","20781","ABM","HOBO"
"05/20/23 03:00:00",11.224,"deg C","20624994","20781","ABM","HOBO"
"05/20/23 04:00:00",11.078,"deg C","20624994","20781","ABM","HOBO"
"05/20/23 05:00:00",10.98,"deg C","20624994","20781","ABM","HOBO"
"05/20/23 06:00:00",10.932,"deg C","20624994","20781","ABM","HOBO"
"05/20/23 07:00:00",10.932,"deg C","20624994","20781","ABM","HOBO"
"05/20/23 08:00:00",10.98,"deg C","20624994","20781","ABM","HOBO"
"05/20/23 09:00:00",11.102,"deg C","20624994","20781","ABM","HOBO"
"05/20/23 10:00:00",11.273,"deg C","20624994","20781","ABM","HOBO"
"05/20/23 11:00:00",11.419,"deg C","20624994","20781","ABM","HOBO"
"05/20/23 12:00:00",11.589,"deg C","20624994","20781","ABM","HOBO"
"05/20/23 13:00:00",11.832,"deg C","20624994","20781","ABM","HOBO"
"05/20/23 14:00:00",11.953,"deg C","20624994","20781","ABM","HOBO"
"05/20/23 15:00:00",12.243,"deg C","20624994","20781","ABM","HOBO"
"05/20/23 16:00:00",12.558,"deg C","20624994","20781","ABM","HOBO"
"05/20/23 17:00:00",12.775,"deg C","20624994","20781","ABM","HOBO"
"05/20/23 18:00:00",12.847,"deg C","20624994","20781","ABM","HOBO"
"05/20/23 19:00:00",13.064,"deg C","20624994","20781","ABM","HOBO"
"05/20/23 20:00:00",13.618,"deg C","20624994","20781","ABM","HOBO"
"05/20/23 21:00:00",13.618,"deg C","20624994","20781","ABM","HOBO"
"05/20/23 22:00:00",13.594,"deg C","20624994","20781","ABM","HOBO"
"05/20/23 23:00:00",13.546,"deg C","20624994","20781","ABM","HOBO"
"05/21/23 00:00:00",13.546,"deg C","20624994","20781","ABM","HOBO"
"05/21/23 01:00:00",13.497,"deg C","20624994","20781","ABM","HOBO"
"05/21/23 02:00:00",13.425,"deg C","20624994","20781","ABM","HOBO"
"05/21/23 03:00:00",13.377,"deg C","20624994","20781","ABM","HOBO"
"05/21/23 04:00:00",13.185,"deg C","20624994","20781","ABM","HOBO"
"05/21/23 05:00:00",12.92,"deg C","20624994","20781","ABM","HOBO"
"05/21/23 06:00:00",12.678,"deg C","20624994","20781","ABM","HOBO"
"05/21/23 07:00:00",12.509,"deg C","20624994","20781","ABM","HOBO"
"05/21/23 08:00:00",12.389,"deg C","20624994","20781","ABM","HOBO"
"05/21/23 09:00:00",12.389,"deg C","20624994","20781","ABM","HOBO"
"05/21/23 10:00:00",12.558,"deg C","20624994","20781","ABM","HOBO"
"05/21/23 11:00:00",12.823,"deg C","20624994","20781","ABM","HOBO"
"05/21/23 12:00:00",13.209,"deg C","20624994","20781","ABM","HOBO"
"05/21/23 13:00:00",13.522,"deg C","20624994","20781","ABM","HOBO"
"05/21/23 14:00:00",13.882,"deg C","20624994","20781","ABM","HOBO"
"05/21/23 15:00:00",14.194,"deg C","20624994","20781","ABM","HOBO"
"05/21/23 16:00:00",14.337,"deg C","20624994","20781","ABM","HOBO"
"05/21/23 17:00:00",14.481,"deg C","20624994","20781","ABM","HOBO"
"05/21/23 18:00:00",14.433,"deg C","20624994","20781","ABM","HOBO"
"05/21/23 19:00:00",14.314,"deg C","20624994","20781","ABM","HOBO"
"05/21/23 20:00:00",14.098,"deg C","20624994","20781","ABM","HOBO"
"05/21/23 21:00:00",13.858,"deg C","20624994","20781","ABM","HOBO"
"05/21/23 22:00:00",13.618,"deg C","20624994","20781","ABM","HOBO"
"05/21/23 23:00:00",13.401,"deg C","20624994","20781","ABM","HOBO"
"05/22/23 00:00:00",13.209,"deg C","20624994","20781","ABM","HOBO"
"05/22/23 01:00:00",13.016,"deg C","20624994","20781","ABM","HOBO"
"05/22/23 02:00:00",12.896,"deg C","20624994","20781","ABM","HOBO"
"05/22/23 03:00:00",12.751,"deg C","20624994","20781","ABM","HOBO"
"05/22/23 04:00:00",12.678,"deg C","20624994","20781","ABM","HOBO"
"05/22/23 05:00:00",12.582,"deg C","20624994","20781","ABM","HOBO"
"05/22/23 06:00:00",12.509,"deg C","20624994","20781","ABM","HOBO"
"05/22/23 07:00:00",12.509,"deg C","20624994","20781","ABM","HOBO"
"05/22/23 08:00:00",12.606,"deg C","20624994","20781","ABM","HOBO"
"05/22/23 09:00:00",12.799,"deg C","20624994","20781","ABM","HOBO"
"05/22/23 10:00:00",13.137,"deg C","20624994","20781","ABM","HOBO"
"05/22/23 11:00:00",13.666,"deg C","20624994","20781","ABM","HOBO"
"05/22/23 12:00:00",14.242,"deg C","20624994","20781","ABM","HOBO"
"05/22/23 13:00:00",14.768,"deg C","20624994","20781","ABM","HOBO"
"05/22/23 14:00:00",15.103,"deg C","20624994","20781","ABM","HOBO"
"05/22/23 15:00:00",15.223,"deg C","20624994","20781","ABM","HOBO"
"05/22/23 16:00:00",15.438,"deg C","20624994","20781","ABM","HOBO"
"05/22/23 17:00:00",15.318,"deg C","20624994","20781","ABM","HOBO"
"05/22/23 18:00:00",15.247,"deg C","20624994","20781","ABM","HOBO"
"05/22/23 19:00:00",15.079,"deg C","20624994","20781","ABM","HOBO"
"05/22/23 20:00:00",14.888,"deg C","20624994","20781","ABM","HOBO"
"05/22/23 21:00:00",14.601,"deg C","20624994","20781","ABM","HOBO"
"05/22/23 22:00:00",14.266,"deg C","20624994","20781","ABM","HOBO"
"05/22/23 23:00:00",13.954,"deg C","20624994","20781","ABM","HOBO"
"05/23/23 00:00:00",13.642,"deg C","20624994","20781","ABM","HOBO"
"05/23/23 01:00:00",13.329,"deg C","20624994","20781","ABM","HOBO"
"05/23/23 02:00:00",13.088,"deg C","20624994","20781","ABM","HOBO"
"05/23/23 03:00:00",12.799,"deg C","20624994","20781","ABM","HOBO"
"05/23/23 04:00:00",12.485,"deg C","20624994","20781","ABM","HOBO"
"05/23/23 05:00:00",12.292,"deg C","20624994","20781","ABM","HOBO"
"05/23/23 06:00:00",12.098,"deg C","20624994","20781","ABM","HOBO"
"05/23/23 07:00:00",12.025,"deg C","20624994","20781","ABM","HOBO"
"05/23/23 08:00:00",12.074,"deg C","20624994","20781","ABM","HOBO"
"05/23/23 09:00:00",12.268,"deg C","20624994","20781","ABM","HOBO"
"05/23/23 10:00:00",12.558,"deg C","20624994","20781","ABM","HOBO"
"05/23/23 11:00:00",13.04,"deg C","20624994","20781","ABM","HOBO"
"05/23/23 12:00:00",13.57,"deg C","20624994","20781","ABM","HOBO"
"05/23/23 13:00:00",14.074,"deg C","20624994","20781","ABM","HOBO"
"05/23/23 14:00:00",14.481,"deg C","20624994","20781","ABM","HOBO"
"05/23/23 15:00:00",14.864,"deg C","20624994","20781","ABM","HOBO"
"05/23/23 16:00:00",15.055,"deg C","20624994","20781","ABM","HOBO"
"05/23/23 17:00:00",14.984,"deg C","20624994","20781","ABM","HOBO"
"05/23/23 18:00:00",14.792,"deg C","20624994","20781","ABM","HOBO"
"05/23/23 19:00:00",14.601,"deg C","20624994","20781","ABM","HOBO"
"05/23/23 20:00:00",14.29,"deg C","20624994","20781","ABM","HOBO"
"05/23/23 21:00:00",13.906,"deg C","20624994","20781","ABM","HOBO"
"05/23/23 22:00:00",13.546,"deg C","20624994","20781","ABM","HOBO"
"05/23/23 23:00:00",13.161,"deg C","20624994","20781","ABM","HOBO"
"05/24/23 00:00:00",12.751,"deg C","20624994","20781","ABM","HOBO"
"05/24/23 01:00:00",12.413,"deg C","20624994","20781","ABM","HOBO"
"05/24/23 02:00:00",12.098,"deg C","20624994","20781","ABM","HOBO"
"05/24/23 03:00:00",11.88,"deg C","20624994","20781","ABM","HOBO"
"05/24/23 04:00:00",11.759,"deg C","20624994","20781","ABM","HOBO"
"05/24/23 05:00:00",11.589,"deg C","20624994","20781","ABM","HOBO"
"05/24/23 06:00:00",11.394,"deg C","20624994","20781","ABM","HOBO"
"05/24/23 07:00:00",11.346,"deg C","20624994","20781","ABM","HOBO"
"05/24/23 08:00:00",11.443,"deg C","20624994","20781","ABM","HOBO"
"05/24/23 09:00:00",11.662,"deg C","20624994","20781","ABM","HOBO"
"05/24/23 10:00:00",12.025,"deg C","20624994","20781","ABM","HOBO"
"05/24/23 11:00:00",12.582,"deg C","20624994","20781","ABM","HOBO"
"05/24/23 12:00:00",13.209,"deg C","20624994","20781","ABM","HOBO"
"05/24/23 13:00:00",13.834,"deg C","20624994","20781","ABM","HOBO"
"05/24/23 14:00:00",14.242,"deg C","20624994","20781","ABM","HOBO"
"05/24/23 15:00:00",14.218,"deg C","20624994","20781","ABM","HOBO"
"05/24/23 16:00:00",14.553,"deg C","20624994","20781","ABM","HOBO"
"05/24/23 17:00:00",14.649,"deg C","20624994","20781","ABM","HOBO"
"05/24/23 18:00:00",14.529,"deg C","20624994","20781","ABM","HOBO"
"05/24/23 19:00:00",14.266,"deg C","20624994","20781","ABM","HOBO"
"05/24/23 20:00:00",13.954,"deg C","20624994","20781","ABM","HOBO"
"05/24/23 21:00:00",13.762,"deg C","20624994","20781","ABM","HOBO"
"05/24/23 22:00:00",13.473,"deg C","20624994","20781","ABM","HOBO"
"05/24/23 23:00:00",13.209,"deg C","20624994","20781","ABM","HOBO"
"05/25/23 00:00:00",12.992,"deg C","20624994","20781","ABM","HOBO"
"05/25/23 01:00:00",12.703,"deg C","20624994","20781","ABM","HOBO"
"05/25/23 02:00:00",12.413,"deg C","20624994","20781","ABM","HOBO"
"05/25/23 03:00:00",12.025,"deg C","20624994","20781","ABM","HOBO"
"05/25/23 04:00:00",11.662,"deg C","20624994","20781","ABM","HOBO"
"05/25/23 05:00:00",11.346,"deg C","20624994","20781","ABM","HOBO"
"05/25/23 06:00:00",11.102,"deg C","20624994","20781","ABM","HOBO"
"05/25/23 07:00:00",10.907,"deg C","20624994","20781","ABM","HOBO"
"05/25/23 08:00:00",10.858,"deg C","20624994","20781","ABM","HOBO"
"05/25/23 09:00:00",10.956,"deg C","20624994","20781","ABM","HOBO"
"05/25/23 10:00:00",11.151,"deg C","20624994","20781","ABM","HOBO"
"05/25/23 11:00:00",11.589,"deg C","20624994","20781","ABM","HOBO"
"05/25/23 12:00:00",12.001,"deg C","20624994","20781","ABM","HOBO"
"05/25/23 13:00:00",12.292,"deg C","20624994","20781","ABM","HOBO"
"05/25/23 14:00:00",12.558,"deg C","20624994","20781","ABM","HOBO"
"05/25/23 15:00:00",12.751,"deg C","20624994","20781","ABM","HOBO"
"05/25/23 16:00:00",12.847,"deg C","20624994","20781","ABM","HOBO"
"05/25/23 17:00:00",12.92,"deg C","20624994","20781","ABM","HOBO"
"05/25/23 18:00:00",12.944,"deg C","20624994","20781","ABM","HOBO"
"05/25/23 19:00:00",12.944,"deg C","20624994","20781","ABM","HOBO"
"05/25/23 20:00:00",12.799,"deg C","20624994","20781","ABM","HOBO"
"05/25/23 21:00:00",12.606,"deg C","20624994","20781","ABM","HOBO"
"05/25/23 22:00:00",12.364,"deg C","20624994","20781","ABM","HOBO"
"05/25/23 23:00:00",12.122,"deg C","20624994","20781","ABM","HOBO"
"05/26/23 00:00:00",11.88,"deg C","20624994","20781","ABM","HOBO"
"05/26/23 01:00:00",11.71,"deg C","20624994","20781","ABM","HOBO"
"05/26/23 02:00:00",11.492,"deg C","20624994","20781","ABM","HOBO"
"05/26/23 03:00:00",11.2,"deg C","20624994","20781","ABM","HOBO"
"05/26/23 04:00:00",10.956,"deg C","20624994","20781","ABM","HOBO"
"05/26/23 05:00:00",10.663,"deg C","20624994","20781","ABM","HOBO"
"05/26/23 06:00:00",10.516,"deg C","20624994","20781","ABM","HOBO"
"05/26/23 07:00:00",10.418,"deg C","20624994","20781","ABM","HOBO"
"05/26/23 08:00:00",10.516,"deg C","20624994","20781","ABM","HOBO"
"05/26/23 09:00:00",10.858,"deg C","20624994","20781","ABM","HOBO"
"05/26/23 10:00:00",11.273,"deg C","20624994","20781","ABM","HOBO"
"05/26/23 11:00:00",11.613,"deg C","20624994","20781","ABM","HOBO"
"05/26/23 12:00:00",11.783,"deg C","20624994","20781","ABM","HOBO"
"05/26/23 13:00:00",12.171,"deg C","20624994","20781","ABM","HOBO"
"05/26/23 14:00:00",12.34,"deg C","20624994","20781","ABM","HOBO"
"05/26/23 15:00:00",12.413,"deg C","20624994","20781","ABM","HOBO"
"05/26/23 16:00:00",12.678,"deg C","20624994","20781","ABM","HOBO"
"05/26/23 17:00:00",13.161,"deg C","20624994","20781","ABM","HOBO"
"05/26/23 18:00:00",13.04,"deg C","20624994","20781","ABM","HOBO"
"05/26/23 19:00:00",12.847,"deg C","20624994","20781","ABM","HOBO"
"05/26/23 20:00:00",12.799,"deg C","20624994","20781","ABM","HOBO"
"05/26/23 21:00:00",12.751,"deg C","20624994","20781","ABM","HOBO"
"05/26/23 22:00:00",12.606,"deg C","20624994","20781","ABM","HOBO"
"05/26/23 23:00:00",12.461,"deg C","20624994","20781","ABM","HOBO"
"05/27/23 00:00:00",12.268,"deg C","20624994","20781","ABM","HOBO"
"05/27/23 01:00:00",12.074,"deg C","20624994","20781","ABM","HOBO"
"05/27/23 02:00:00",11.904,"deg C","20624994","20781","ABM","HOBO"
"05/27/23 03:00:00",11.783,"deg C","20624994","20781","ABM","HOBO"
"05/27/23 04:00:00",11.613,"deg C","20624994","20781","ABM","HOBO"
"05/27/23 05:00:00",11.443,"deg C","20624994","20781","ABM","HOBO"
"05/27/23 06:00:00",11.248,"deg C","20624994","20781","ABM","HOBO"
"05/27/23 07:00:00",11.175,"deg C","20624994","20781","ABM","HOBO"
"05/27/23 08:00:00",11.248,"deg C","20624994","20781","ABM","HOBO"
"05/27/23 09:00:00",11.54,"deg C","20624994","20781","ABM","HOBO"
"05/27/23 10:00:00",11.759,"deg C","20624994","20781","ABM","HOBO"
"05/27/23 11:00:00",11.88,"deg C","20624994","20781","ABM","HOBO"
"05/27/23 12:00:00",12.122,"deg C","20624994","20781","ABM","HOBO"
"05/27/23 13:00:00",12.316,"deg C","20624994","20781","ABM","HOBO"
"05/27/23 14:00:00",12.485,"deg C","20624994","20781","ABM","HOBO"
"05/27/23 15:00:00",12.703,"deg C","20624994","20781","ABM","HOBO"
"05/27/23 16:00:00",12.92,"deg C","20624994","20781","ABM","HOBO"
"05/27/23 17:00:00",13.112,"deg C","20624994","20781","ABM","HOBO"
"05/27/23 18:00:00",13.281,"deg C","20624994","20781","ABM","HOBO"
"05/27/23 19:00:00",13.449,"deg C","20624994","20781","ABM","HOBO"
"05/27/23 20:00:00",13.546,"deg C","20624994","20781","ABM","HOBO"
"05/27/23 21:00:00",13.497,"deg C","20624994","20781","ABM","HOBO"
"05/27/23 22:00:00",13.353,"deg C","20624994","20781","ABM","HOBO"
"05/27/23 23:00:00",13.233,"deg C","20624994","20781","ABM","HOBO"
"05/28/23 00:00:00",13.088,"deg C","20624994","20781","ABM","HOBO"
"05/28/23 01:00:00",13.016,"deg C","20624994","20781","ABM","HOBO"
"05/28/23 02:00:00",12.92,"deg C","20624994","20781","ABM","HOBO"
"05/28/23 03:00:00",12.751,"deg C","20624994","20781","ABM","HOBO"
"05/28/23 04:00:00",12.654,"deg C","20624994","20781","ABM","HOBO"
"05/28/23 05:00:00",12.63,"deg C","20624994","20781","ABM","HOBO"
"05/28/23 06:00:00",12.582,"deg C","20624994","20781","ABM","HOBO"
"05/28/23 07:00:00",12.461,"deg C","20624994","20781","ABM","HOBO"
"05/28/23 08:00:00",12.461,"deg C","20624994","20781","ABM","HOBO"
"05/28/23 09:00:00",12.606,"deg C","20624994","20781","ABM","HOBO"
"05/28/23 10:00:00",12.847,"deg C","20624994","20781","ABM","HOBO"
"05/28/23 11:00:00",13.161,"deg C","20624994","20781","ABM","HOBO"
"05/28/23 12:00:00",13.473,"deg C","20624994","20781","ABM","HOBO"
"05/28/23 13:00:00",13.786,"deg C","20624994","20781","ABM","HOBO"
"05/28/23 14:00:00",13.858,"deg C","20624994","20781","ABM","HOBO"
"05/28/23 15:00:00",13.882,"deg C","20624994","20781","ABM","HOBO"
"05/28/23 16:00:00",13.954,"deg C","20624994","20781","ABM","HOBO"
"05/28/23 17:00:00",14.05,"deg C","20624994","20781","ABM","HOBO"
"05/28/23 18:00:00",14.122,"deg C","20624994","20781","ABM","HOBO"
"05/28/23 19:00:00",14.146,"deg C","20624994","20781","ABM","HOBO"
"05/28/23 20:00:00",14.194,"deg C","20624994","20781","ABM","HOBO"
"05/28/23 21:00:00",14.194,"deg C","20624994","20781","ABM","HOBO"
"05/28/23 22:00:00",14.194,"deg C","20624994","20781","ABM","HOBO"
"05/28/23 23:00:00",14.146,"deg C","20624994","20781","ABM","HOBO"
"05/29/23 00:00:00",14.098,"deg C","20624994","20781","ABM","HOBO"
"05/29/23 01:00:00",14.002,"deg C","20624994","20781","ABM","HOBO"
"05/29/23 02:00:00",14.026,"deg C","20624994","20781","ABM","HOBO"
"05/29/23 03:00:00",14.05,"deg C","20624994","20781","ABM","HOBO"
"05/29/23 04:00:00",14.002,"deg C","20624994","20781","ABM","HOBO"
"05/29/23 05:00:00",13.738,"deg C","20624994","20781","ABM","HOBO"
"05/29/23 06:00:00",13.69,"deg C","20624994","20781","ABM","HOBO"
"05/29/23 07:00:00",13.69,"deg C","20624994","20781","ABM","HOBO"
"05/29/23 08:00:00",13.642,"deg C","20624994","20781","ABM","HOBO"
"05/29/23 09:00:00",13.594,"deg C","20624994","20781","ABM","HOBO"
"05/29/23 10:00:00",13.57,"deg C","20624994","20781","ABM","HOBO"
"05/29/23 11:00:00",13.594,"deg C","20624994","20781","ABM","HOBO"
"05/29/23 12:00:00",13.69,"deg C","20624994","20781","ABM","HOBO"
"05/29/23 13:00:00",13.81,"deg C","20624994","20781","ABM","HOBO"
"05/29/23 14:00:00",13.978,"deg C","20624994","20781","ABM","HOBO"
"05/29/23 15:00:00",14.074,"deg C","20624994","20781","ABM","HOBO"
"05/29/23 16:00:00",14.194,"deg C","20624994","20781","ABM","HOBO"
"05/29/23 17:00:00",14.29,"deg C","20624994","20781","ABM","HOBO"
"05/29/23 18:00:00",14.337,"deg C","20624994","20781","ABM","HOBO"
"05/29/23 19:00:00",14.337,"deg C","20624994","20781","ABM","HOBO"
"05/29/23 20:00:00",14.242,"deg C","20624994","20781","ABM","HOBO"
"05/29/23 21:00:00",14.17,"deg C","20624994","20781","ABM","HOBO"
"05/29/23 22:00:00",14.05,"deg C","20624994","20781","ABM","HOBO"
"05/29/23 23:00:00",13.906,"deg C","20624994","20781","ABM","HOBO"
"05/30/23 00:00:00",13.738,"deg C","20624994","20781","ABM","HOBO"
"05/30/23 01:00:00",13.546,"deg C","20624994","20781","ABM","HOBO"
"05/30/23 02:00:00",13.281,"deg C","20624994","20781","ABM","HOBO"
"05/30/23 03:00:00",12.992,"deg C","20624994","20781","ABM","HOBO"
"05/30/23 04:00:00",12.63,"deg C","20624994","20781","ABM","HOBO"
"05/30/23 05:00:00",12.364,"deg C","20624994","20781","ABM","HOBO"
"05/30/23 06:00:00",12.098,"deg C","20624994","20781","ABM","HOBO"
"05/30/23 07:00:00",11.977,"deg C","20624994","20781","ABM","HOBO"
"05/30/23 08:00:00",11.929,"deg C","20624994","20781","ABM","HOBO"
"05/30/23 09:00:00",11.904,"deg C","20624994","20781","ABM","HOBO"
"05/30/23 10:00:00",11.977,"deg C","20624994","20781","ABM","HOBO"
"05/30/23 11:00:00",12.074,"deg C","20624994","20781","ABM","HOBO"
"05/30/23 12:00:00",12.243,"deg C","20624994","20781","ABM","HOBO"
"05/30/23 13:00:00",12.509,"deg C","20624994","20781","ABM","HOBO"
"05/30/23 14:00:00",12.727,"deg C","20624994","20781","ABM","HOBO"
"05/30/23 15:00:00",12.92,"deg C","20624994","20781","ABM","HOBO"
"05/30/23 16:00:00",13.112,"deg C","20624994","20781","ABM","HOBO"
"05/30/23 17:00:00",13.209,"deg C","20624994","20781","ABM","HOBO"
"05/30/23 18:00:00",13.353,"deg C","20624994","20781","ABM","HOBO"
"05/30/23 19:00:00",13.401,"deg C","20624994","20781","ABM","HOBO"
"05/30/23 20:00:00",13.425,"deg C","20624994","20781","ABM","HOBO"
"05/30/23 21:00:00",13.425,"deg C","20624994","20781","ABM","HOBO"
"05/30/23 22:00:00",13.401,"deg C","20624994","20781","ABM","HOBO"
"05/30/23 23:00:00",13.281,"deg C","20624994","20781","ABM","HOBO"
"05/31/23 00:00:00",13.185,"deg C","20624994","20781","ABM","HOBO"
"05/31/23 01:00:00",13.016,"deg C","20624994","20781","ABM","HOBO"
"05/31/23 02:00:00",12.823,"deg C","20624994","20781","ABM","HOBO"
"05/31/23 03:00:00",12.558,"deg C","20624994","20781","ABM","HOBO"
"05/31/23 04:00:00",12.316,"deg C","20624994","20781","ABM","HOBO"
"05/31/23 05:00:00",12.074,"deg C","20624994","20781","ABM","HOBO"
"05/31/23 06:00:00",11.759,"deg C","20624994","20781","ABM","HOBO"
"05/31/23 07:00:00",11.589,"deg C","20624994","20781","ABM","HOBO"
"05/31/23 08:00:00",11.613,"deg C","20624994","20781","ABM","HOBO"
"05/31/23 09:00:00",11.734,"deg C","20624994","20781","ABM","HOBO"
"05/31/23 10:00:00",11.856,"deg C","20624994","20781","ABM","HOBO"
"05/31/23 11:00:00",11.977,"deg C","20624994","20781","ABM","HOBO"
"05/31/23 12:00:00",12.171,"deg C","20624994","20781","ABM","HOBO"
"05/31/23 13:00:00",12.437,"deg C","20624994","20781","ABM","HOBO"
"05/31/23 14:00:00",12.678,"deg C","20624994","20781","ABM","HOBO"
"05/31/23 15:00:00",12.968,"deg C","20624994","20781","ABM","HOBO"
"05/31/23 16:00:00",13.233,"deg C","20624994","20781","ABM","HOBO"
"05/31/23 17:00:00",13.425,"deg C","20624994","20781","ABM","HOBO"
"05/31/23 18:00:00",13.57,"deg C","20624994","20781","ABM","HOBO"
"05/31/23 19:00:00",13.762,"deg C","20624994","20781","ABM","HOBO"
"05/31/23 20:00:00",13.858,"deg C","20624994","20781","ABM","HOBO"
"05/31/23 21:00:00",13.738,"deg C","20624994","20781","ABM","HOBO"
"05/31/23 22:00:00",13.594,"deg C","20624994","20781","ABM","HOBO"
"05/31/23 23:00:00",13.425,"deg C","20624994","20781","ABM","HOBO"
"06/01/23 00:00:00",13.329,"deg C","20624994","20781","ABM","HOBO"
"06/01/23 01:00:00",13.233,"deg C","20624994","20781","ABM","HOBO"
"06/01/23 02:00:00",13.185,"deg C","20624994","20781","ABM","HOBO"
"06/01/23 03:00:00",13.088,"deg C","20624994","20781","ABM","HOBO"
"06/01/23 04:00:00",12.992,"deg C","20624994","20781","ABM","HOBO"
"06/01/23 05:00:00",12.92,"deg C","20624994","20781","ABM","HOBO"
"06/01/23 06:00:00",12.896,"deg C","20624994","20781","ABM","HOBO"
"06/01/23 07:00:00",12.823,"deg C","20624994","20781","ABM","HOBO"
"06/01/23 08:00:00",12.896,"deg C","20624994","20781","ABM","HOBO"
"06/01/23 09:00:00",12.968,"deg C","20624994","20781","ABM","HOBO"
"06/01/23 10:00:00",13.112,"deg C","20624994","20781","ABM","HOBO"
"06/01/23 11:00:00",13.233,"deg C","20624994","20781","ABM","HOBO"
"06/01/23 12:00:00",13.449,"deg C","20624994","20781","ABM","HOBO"
"06/01/23 13:00:00",13.762,"deg C","20624994","20781","ABM","HOBO"
"06/01/23 14:00:00",13.882,"deg C","20624994","20781","ABM","HOBO"
"06/01/23 15:00:00",14.05,"deg C","20624994","20781","ABM","HOBO"
"06/01/23 16:00:00",14.29,"deg C","20624994","20781","ABM","HOBO"
"06/01/23 17:00:00",14.553,"deg C","20624994","20781","ABM","HOBO"
"06/01/23 18:00:00",14.84,"deg C","20624994","20781","ABM","HOBO"
"06/01/23 19:00:00",14.912,"deg C","20624994","20781","ABM","HOBO"
"06/01/23 20:00:00",14.96,"deg C","20624994","20781","ABM","HOBO"
"06/01/23 21:00:00",14.936,"deg C","20624994","20781","ABM","HOBO"
"06/01/23 22:00:00",14.96,"deg C","20624994","20781","ABM","HOBO"
"06/01/23 23:00:00",14.84,"deg C","20624994","20781","ABM","HOBO"
"06/02/23 00:00:00",14.697,"deg C","20624994","20781","ABM","HOBO"
"06/02/23 01:00:00",14.529,"deg C","20624994","20781","ABM","HOBO"
"06/02/23 02:00:00",14.481,"deg C","20624994","20781","ABM","HOBO"
"06/02/23 03:00:00",14.433,"deg C","20624994","20781","ABM","HOBO"
"06/02/23 04:00:00",14.385,"deg C","20624994","20781","ABM","HOBO"
"06/02/23 05:00:00",14.361,"deg C","20624994","20781","ABM","HOBO"
"06/02/23 06:00:00",14.314,"deg C","20624994","20781","ABM","HOBO"
"06/02/23 07:00:00",14.266,"deg C","20624994","20781","ABM","HOBO"
"06/02/23 08:00:00",14.17,"deg C","20624994","20781","ABM","HOBO"
"06/02/23 09:00:00",14.098,"deg C","20624994","20781","ABM","HOBO"
"06/02/23 10:00:00",14.17,"deg C","20624994","20781","ABM","HOBO"
"06/02/23 11:00:00",14.314,"deg C","20624994","20781","ABM","HOBO"
"06/02/23 12:00:00",14.529,"deg C","20624994","20781","ABM","HOBO"
"06/02/23 13:00:00",14.721,"deg C","20624994","20781","ABM","HOBO"
"06/02/23 14:00:00",14.888,"deg C","20624994","20781","ABM","HOBO"
"06/02/23 15:00:00",15.151,"deg C","20624994","20781","ABM","HOBO"
"06/02/23 16:00:00",15.342,"deg C","20624994","20781","ABM","HOBO"
"06/02/23 17:00:00",15.461,"deg C","20624994","20781","ABM","HOBO"
"06/02/23 18:00:00",15.533,"deg C","20624994","20781","ABM","HOBO"
"06/02/23 19:00:00",15.509,"deg C","20624994","20781","ABM","HOBO"
"06/02/23 20:00:00",15.509,"deg C","20624994","20781","ABM","HOBO"
"06/02/23 21:00:00",15.438,"deg C","20624994","20781","ABM","HOBO"
"06/02/23 22:00:00",15.366,"deg C","20624994","20781","ABM","HOBO"
"06/02/23 23:00:00",15.294,"deg C","20624994","20781","ABM","HOBO"
"06/03/23 00:00:00",15.509,"deg C","20624994","20781","ABM","HOBO"
"06/03/23 01:00:00",15.605,"deg C","20624994","20781","ABM","HOBO"
"06/03/23 02:00:00",15.581,"deg C","20624994","20781","ABM","HOBO"
"06/03/23 03:00:00",15.509,"deg C","20624994","20781","ABM","HOBO"
"06/03/23 04:00:00",15.366,"deg C","20624994","20781","ABM","HOBO"
"06/03/23 05:00:00",15.175,"deg C","20624994","20781","ABM","HOBO"
"06/03/23 06:00:00",15.008,"deg C","20624994","20781","ABM","HOBO"
"06/03/23 07:00:00",14.816,"deg C","20624994","20781","ABM","HOBO"
"06/03/23 08:00:00",14.625,"deg C","20624994","20781","ABM","HOBO"
"06/03/23 09:00:00",14.481,"deg C","20624994","20781","ABM","HOBO"
"06/03/23 10:00:00",14.337,"deg C","20624994","20781","ABM","HOBO"
"06/03/23 11:00:00",14.242,"deg C","20624994","20781","ABM","HOBO"
"06/03/23 12:00:00",14.146,"deg C","20624994","20781","ABM","HOBO"
"06/03/23 13:00:00",14.05,"deg C","20624994","20781","ABM","HOBO"
"06/03/23 14:00:00",13.954,"deg C","20624994","20781","ABM","HOBO"
"06/03/23 15:00:00",13.906,"deg C","20624994","20781","ABM","HOBO"
"06/03/23 16:00:00",13.834,"deg C","20624994","20781","ABM","HOBO"
"06/03/23 17:00:00",13.762,"deg C","20624994","20781","ABM","HOBO"
"06/03/23 18:00:00",13.69,"deg C","20624994","20781","ABM","HOBO"
"06/03/23 19:00:00",13.618,"deg C","20624994","20781","ABM","HOBO"
"06/03/23 20:00:00",13.473,"deg C","20624994","20781","ABM","HOBO"
"06/03/23 21:00:00",13.305,"deg C","20624994","20781","ABM","HOBO"
"06/03/23 22:00:00",13.112,"deg C","20624994","20781","ABM","HOBO"
"06/03/23 23:00:00",12.92,"deg C","20624994","20781","ABM","HOBO"
"06/04/23 00:00:00",12.703,"deg C","20624994","20781","ABM","HOBO"
"06/04/23 01:00:00",12.534,"deg C","20624994","20781","ABM","HOBO"
"06/04/23 02:00:00",12.389,"deg C","20624994","20781","ABM","HOBO"
"06/04/23 03:00:00",12.195,"deg C","20624994","20781","ABM","HOBO"
"06/04/23 04:00:00",12.074,"deg C","20624994","20781","ABM","HOBO"
"06/04/23 05:00:00",11.953,"deg C","20624994","20781","ABM","HOBO"
"06/04/23 06:00:00",11.783,"deg C","20624994","20781","ABM","HOBO"
"06/04/23 07:00:00",11.686,"deg C","20624994","20781","ABM","HOBO"
"06/04/23 08:00:00",11.686,"deg C","20624994","20781","ABM","HOBO"
"06/04/23 09:00:00",11.71,"deg C","20624994","20781","ABM","HOBO"
"06/04/23 10:00:00",11.783,"deg C","20624994","20781","ABM","HOBO"
"06/04/23 11:00:00",11.832,"deg C","20624994","20781","ABM","HOBO"
"06/04/23 12:00:00",11.88,"deg C","20624994","20781","ABM","HOBO"
"06/04/23 13:00:00",11.904,"deg C","20624994","20781","ABM","HOBO"
"06/04/23 14:00:00",11.929,"deg C","20624994","20781","ABM","HOBO"
"06/04/23 15:00:00",11.953,"deg C","20624994","20781","ABM","HOBO"
"06/04/23 16:00:00",12.001,"deg C","20624994","20781","ABM","HOBO"
"06/04/23 17:00:00",12.025,"deg C","20624994","20781","ABM","HOBO"
"06/04/23 18:00:00",12.05,"deg C","20624994","20781","ABM","HOBO"
"06/04/23 19:00:00",12.098,"deg C","20624994","20781","ABM","HOBO"
"06/04/23 20:00:00",12.074,"deg C","20624994","20781","ABM","HOBO"
"06/04/23 21:00:00",12.05,"deg C","20624994","20781","ABM","HOBO"
"06/04/23 22:00:00",12.025,"deg C","20624994","20781","ABM","HOBO"
"06/04/23 23:00:00",11.953,"deg C","20624994","20781","ABM","HOBO"
"06/05/23 00:00:00",11.856,"deg C","20624994","20781","ABM","HOBO"
"06/05/23 01:00:00",11.759,"deg C","20624994","20781","ABM","HOBO"
"06/05/23 02:00:00",11.662,"deg C","20624994","20781","ABM","HOBO"
"06/05/23 03:00:00",11.589,"deg C","20624994","20781","ABM","HOBO"
"06/05/23 04:00:00",11.516,"deg C","20624994","20781","ABM","HOBO"
"06/05/23 05:00:00",11.492,"deg C","20624994","20781","ABM","HOBO"
"06/05/23 06:00:00",11.443,"deg C","20624994","20781","ABM","HOBO"
"06/05/23 07:00:00",11.443,"deg C","20624994","20781","ABM","HOBO"
"06/05/23 08:00:00",11.443,"deg C","20624994","20781","ABM","HOBO"
"06/05/23 09:00:00",11.492,"deg C","20624994","20781","ABM","HOBO"
"06/05/23 10:00:00",11.565,"deg C","20624994","20781","ABM","HOBO"
"06/05/23 11:00:00",11.686,"deg C","20624994","20781","ABM","HOBO"
"06/05/23 12:00:00",11.783,"deg C","20624994","20781","ABM","HOBO"
"06/05/23 13:00:00",11.904,"deg C","20624994","20781","ABM","HOBO"
"06/05/23 14:00:00",12.001,"deg C","20624994","20781","ABM","HOBO"
"06/05/23 15:00:00",12.122,"deg C","20624994","20781","ABM","HOBO"
"06/05/23 16:00:00",12.268,"deg C","20624994","20781","ABM","HOBO"
"06/05/23 17:00:00",12.413,"deg C","20624994","20781","ABM","HOBO"
"06/05/23 18:00:00",12.509,"deg C","20624994","20781","ABM","HOBO"
"06/05/23 19:00:00",12.558,"deg C","20624994","20781","ABM","HOBO"
"06/05/23 20:00:00",12.582,"deg C","20624994","20781","ABM","HOBO"
"06/05/23 21:00:00",12.606,"deg C","20624994","20781","ABM","HOBO"
"06/05/23 22:00:00",12.63,"deg C","20624994","20781","ABM","HOBO"
"06/05/23 23:00:00",12.582,"deg C","20624994","20781","ABM","HOBO"
"06/06/23 00:00:00",12.558,"deg C","20624994","20781","ABM","HOBO"
"06/06/23 01:00:00",12.485,"deg C","20624994","20781","ABM","HOBO"
"06/06/23 02:00:00",12.437,"deg C","20624994","20781","ABM","HOBO"
"06/06/23 03:00:00",12.389,"deg C","20624994","20781","ABM","HOBO"
"06/06/23 04:00:00",12.316,"deg C","20624994","20781","ABM","HOBO"
"06/06/23 05:00:00",12.268,"deg C","20624994","20781","ABM","HOBO"
"06/06/23 06:00:00",12.195,"deg C","20624994","20781","ABM","HOBO"
"06/06/23 07:00:00",12.147,"deg C","20624994","20781","ABM","HOBO"
"06/06/23 08:00:00",12.098,"deg C","20624994","20781","ABM","HOBO"
"06/06/23 09:00:00",12.05,"deg C","20624994","20781","ABM","HOBO"
"06/06/23 10:00:00",12.025,"deg C","20624994","20781","ABM","HOBO"
"06/06/23 11:00:00",12.05,"deg C","20624994","20781","ABM","HOBO"
"06/06/23 12:00:00",12.122,"deg C","20624994","20781","ABM","HOBO"
"06/06/23 13:00:00",12.243,"deg C","20624994","20781","ABM","HOBO"
"06/06/23 14:00:00",12.389,"deg C","20624994","20781","ABM","HOBO"
"06/06/23 15:00:00",12.509,"deg C","20624994","20781","ABM","HOBO"
"06/06/23 16:00:00",12.63,"deg C","20624994","20781","ABM","HOBO"
"06/06/23 17:00:00",12.727,"deg C","20624994","20781","ABM","HOBO"
"06/06/23 18:00:00",12.775,"deg C","20624994","20781","ABM","HOBO"
"06/06/23 19:00:00",12.799,"deg C","20624994","20781","ABM","HOBO"
"06/06/23 20:00:00",12.799,"deg C","20624994","20781","ABM","HOBO"
"06/06/23 21:00:00",12.775,"deg C","20624994","20781","ABM","HOBO"
"06/06/23 22:00:00",12.678,"deg C","20624994","20781","ABM","HOBO"
"06/06/23 23:00:00",12.582,"deg C","20624994","20781","ABM","HOBO"
"06/07/23 00:00:00",12.437,"deg C","20624994","20781","ABM","HOBO"
"06/07/23 01:00:00",12.34,"deg C","20624994","20781","ABM","HOBO"
"06/07/23 02:00:00",12.219,"deg C","20624994","20781","ABM","HOBO"
"06/07/23 03:00:00",12.122,"deg C","20624994","20781","ABM","HOBO"
"06/07/23 04:00:00",12.025,"deg C","20624994","20781","ABM","HOBO"
"06/07/23 05:00:00",11.929,"deg C","20624994","20781","ABM","HOBO"
"06/07/23 06:00:00",11.807,"deg C","20624994","20781","ABM","HOBO"
"06/07/23 07:00:00",11.734,"deg C","20624994","20781","ABM","HOBO"
"06/07/23 08:00:00",11.71,"deg C","20624994","20781","ABM","HOBO"
"06/07/23 09:00:00",11.734,"deg C","20624994","20781","ABM","HOBO"
"06/07/23 10:00:00",11.783,"deg C","20624994","20781","ABM","HOBO"
"06/07/23 11:00:00",11.88,"deg C","20624994","20781","ABM","HOBO"
"06/07/23 12:00:00",12.001,"deg C","20624994","20781","ABM","HOBO"
"06/07/23 13:00:00",12.098,"deg C","20624994","20781","ABM","HOBO"
"06/07/23 14:00:00",12.219,"deg C","20624994","20781","ABM","HOBO"
"06/07/23 15:00:00",12.316,"deg C","20624994","20781","ABM","HOBO"
"06/07/23 16:00:00",12.509,"deg C","20624994","20781","ABM","HOBO"
"06/07/23 17:00:00",12.606,"deg C","20624994","20781","ABM","HOBO"
"06/07/23 18:00:00",12.654,"deg C","20624994","20781","ABM","HOBO"
"06/07/23 19:00:00",12.751,"deg C","20624994","20781","ABM","HOBO"
"06/07/23 20:00:00",12.751,"deg C","20624994","20781","ABM","HOBO"
"06/07/23 21:00:00",12.63,"deg C","20624994","20781","ABM","HOBO"
"06/07/23 22:00:00",12.582,"deg C","20624994","20781","ABM","HOBO"
"06/07/23 23:00:00",12.509,"deg C","20624994","20781","ABM","HOBO"
"06/08/23 00:00:00",12.461,"deg C","20624994","20781","ABM","HOBO"
"06/08/23 01:00:00",12.389,"deg C","20624994","20781","ABM","HOBO"
"06/08/23 02:00:00",12.34,"deg C","20624994","20781","ABM","HOBO"
"06/08/23 03:00:00",12.268,"deg C","20624994","20781","ABM","HOBO"
"06/08/23 04:00:00",12.195,"deg C","20624994","20781","ABM","HOBO"
"06/08/23 05:00:00",12.098,"deg C","20624994","20781","ABM","HOBO"
"06/08/23 06:00:00",12.025,"deg C","20624994","20781","ABM","HOBO"
"06/08/23 07:00:00",11.953,"deg C","20624994","20781","ABM","HOBO"
"06/08/23 08:00:00",11.929,"deg C","20624994","20781","ABM","HOBO"
"06/08/23 09:00:00",11.904,"deg C","20624994","20781","ABM","HOBO"
"06/08/23 10:00:00",11.856,"deg C","20624994","20781","ABM","HOBO"
"06/08/23 11:00:00",11.88,"deg C","20624994","20781","ABM","HOBO"
"06/08/23 12:00:00",11.904,"deg C","20624994","20781","ABM","HOBO"
"06/08/23 13:00:00",11.977,"deg C","20624994","20781","ABM","HOBO"
"06/08/23 14:00:00",12.05,"deg C","20624994","20781","ABM","HOBO"
"06/08/23 15:00:00",12.122,"deg C","20624994","20781","ABM","HOBO"
"06/08/23 16:00:00",12.171,"deg C","20624994","20781","ABM","HOBO"
"06/08/23 17:00:00",12.219,"deg C","20624994","20781","ABM","HOBO"
"06/08/23 18:00:00",12.268,"deg C","20624994","20781","ABM","HOBO"
"06/08/23 19:00:00",12.292,"deg C","20624994","20781","ABM","HOBO"
"06/08/23 20:00:00",12.34,"deg C","20624994","20781","ABM","HOBO"
"06/08/23 21:00:00",12.364,"deg C","20624994","20781","ABM","HOBO"
"06/08/23 22:00:00",12.364,"deg C","20624994","20781","ABM","HOBO"
"06/08/23 23:00:00",12.316,"deg C","20624994","20781","ABM","HOBO"
"06/09/23 00:00:00",12.219,"deg C","20624994","20781","ABM","HOBO"
"06/09/23 01:00:00",12.147,"deg C","20624994","20781","ABM","HOBO"
"06/09/23 02:00:00",12.074,"deg C","20624994","20781","ABM","HOBO"
"06/09/23 03:00:00",11.977,"deg C","20624994","20781","ABM","HOBO"
"06/09/23 04:00:00",11.904,"deg C","20624994","20781","ABM","HOBO"
"06/09/23 05:00:00",11.832,"deg C","20624994","20781","ABM","HOBO"
"06/09/23 06:00:00",11.759,"deg C","20624994","20781","ABM","HOBO"
"06/09/23 07:00:00",11.71,"deg C","20624994","20781","ABM","HOBO"
"06/09/23 08:00:00",11.686,"deg C","20624994","20781","ABM","HOBO"
"06/09/23 09:00:00",11.71,"deg C","20624994","20781","ABM","HOBO"
"06/09/23 10:00:00",11.783,"deg C","20624994","20781","ABM","HOBO"
"06/09/23 11:00:00",11.88,"deg C","20624994","20781","ABM","HOBO"
"06/09/23 12:00:00",11.977,"deg C","20624994","20781","ABM","HOBO"
"06/09/23 13:00:00",12.025,"deg C","20624994","20781","ABM","HOBO"
"06/09/23 14:00:00",12.195,"deg C","20624994","20781","ABM","HOBO"
"06/09/23 15:00:00",12.316,"deg C","20624994","20781","ABM","HOBO"
"06/09/23 16:00:00",12.413,"deg C","20624994","20781","ABM","HOBO"
"06/09/23 17:00:00",12.509,"deg C","20624994","20781","ABM","HOBO"
"06/09/23 18:00:00",12.582,"deg C","20624994","20781","ABM","HOBO"
"06/09/23 19:00:00",12.654,"deg C","20624994","20781","ABM","HOBO"
"06/09/23 20:00:00",12.775,"deg C","20624994","20781","ABM","HOBO"
"06/09/23 21:00:00",12.751,"deg C","20624994","20781","ABM","HOBO"
"06/09/23 22:00:00",12.727,"deg C","20624994","20781","ABM","HOBO"
"06/09/23 23:00:00",12.654,"deg C","20624994","20781","ABM","HOBO"
"06/10/23 00:00:00",12.582,"deg C","20624994","20781","ABM","HOBO"
"06/10/23 01:00:00",12.534,"deg C","20624994","20781","ABM","HOBO"
"06/10/23 02:00:00",12.461,"deg C","20624994","20781","ABM","HOBO"
"06/10/23 03:00:00",12.389,"deg C","20624994","20781","ABM","HOBO"
"06/10/23 04:00:00",12.316,"deg C","20624994","20781","ABM","HOBO"
"06/10/23 05:00:00",12.268,"deg C","20624994","20781","ABM","HOBO"
"06/10/23 06:00:00",12.219,"deg C","20624994","20781","ABM","HOBO"
"06/10/23 07:00:00",12.171,"deg C","20624994","20781","ABM","HOBO"
"06/10/23 08:00:00",12.122,"deg C","20624994","20781","ABM","HOBO"
"06/10/23 09:00:00",12.147,"deg C","20624994","20781","ABM","HOBO"
"06/10/23 10:00:00",12.268,"deg C","20624994","20781","ABM","HOBO"
"06/10/23 11:00:00",12.316,"deg C","20624994","20781","ABM","HOBO"
"06/10/23 12:00:00",12.364,"deg C","20624994","20781","ABM","HOBO"
"06/10/23 13:00:00",12.485,"deg C","20624994","20781","ABM","HOBO"
"06/10/23 14:00:00",12.582,"deg C","20624994","20781","ABM","HOBO"
"06/10/23 15:00:00",12.751,"deg C","20624994","20781","ABM","HOBO"
"06/10/23 16:00:00",12.92,"deg C","20624994","20781","ABM","HOBO"
"06/10/23 17:00:00",13.04,"deg C","20624994","20781","ABM","HOBO"
"06/10/23 18:00:00",13.137,"deg C","20624994","20781","ABM","HOBO"
"06/10/23 19:00:00",13.233,"deg C","20624994","20781","ABM","HOBO"
"06/10/23 20:00:00",13.281,"deg C","20624994","20781","ABM","HOBO"
"06/10/23 21:00:00",13.305,"deg C","20624994","20781","ABM","HOBO"
"06/10/23 22:00:00",13.281,"deg C","20624994","20781","ABM","HOBO"
"06/10/23 23:00:00",13.209,"deg C","20624994","20781","ABM","HOBO"
"06/11/23 00:00:00",13.137,"deg C","20624994","20781","ABM","HOBO"
"06/11/23 01:00:00",13.088,"deg C","20624994","20781","ABM","HOBO"
"06/11/23 02:00:00",12.968,"deg C","20624994","20781","ABM","HOBO"
"06/11/23 03:00:00",12.871,"deg C","20624994","20781","ABM","HOBO"
"06/11/23 04:00:00",12.775,"deg C","20624994","20781","ABM","HOBO"
"06/11/23 05:00:00",12.678,"deg C","20624994","20781","ABM","HOBO"
"06/11/23 06:00:00",12.582,"deg C","20624994","20781","ABM","HOBO"
"06/11/23 07:00:00",12.509,"deg C","20624994","20781","ABM","HOBO"
"06/11/23 08:00:00",12.461,"deg C","20624994","20781","ABM","HOBO"
"06/11/23 09:00:00",12.509,"deg C","20624994","20781","ABM","HOBO"
"06/11/23 10:00:00",12.63,"deg C","20624994","20781","ABM","HOBO"
"06/11/23 11:00:00",12.727,"deg C","20624994","20781","ABM","HOBO"
"06/11/23 12:00:00",12.896,"deg C","20624994","20781","ABM","HOBO"
"06/11/23 13:00:00",13.161,"deg C","20624994","20781","ABM","HOBO"
"06/11/23 14:00:00",13.425,"deg C","20624994","20781","ABM","HOBO"
"06/11/23 15:00:00",13.618,"deg C","20624994","20781","ABM","HOBO"
"06/11/23 16:00:00",13.906,"deg C","20624994","20781","ABM","HOBO"
"06/11/23 17:00:00",14.026,"deg C","20624994","20781","ABM","HOBO"
"06/11/23 18:00:00",14.05,"deg C","20624994","20781","ABM","HOBO"
"06/11/23 19:00:00",14.098,"deg C","20624994","20781","ABM","HOBO"
"06/11/23 20:00:00",14.194,"deg C","20624994","20781","ABM","HOBO"
"06/11/23 21:00:00",14.146,"deg C","20624994","20781","ABM","HOBO"
"06/11/23 22:00:00",14.218,"deg C","20624994","20781","ABM","HOBO"
"06/11/23 23:00:00",14.146,"deg C","20624994","20781","ABM","HOBO"
"06/12/23 00:00:00",14.05,"deg C","20624994","20781","ABM","HOBO"
"06/12/23 01:00:00",14.002,"deg C","20624994","20781","ABM","HOBO"
"06/12/23 02:00:00",13.954,"deg C","20624994","20781","ABM","HOBO"
"06/12/23 03:00:00",13.858,"deg C","20624994","20781","ABM","HOBO"
"06/12/23 04:00:00",13.786,"deg C","20624994","20781","ABM","HOBO"
"06/12/23 05:00:00",13.714,"deg C","20624994","20781","ABM","HOBO"
"06/12/23 06:00:00",13.666,"deg C","20624994","20781","ABM","HOBO"
"06/12/23 07:00:00",13.618,"deg C","20624994","20781","ABM","HOBO"
"06/12/23 08:00:00",13.594,"deg C","20624994","20781","ABM","HOBO"
"06/12/23 09:00:00",13.546,"deg C","20624994","20781","ABM","HOBO"
"06/12/23 10:00:00",13.57,"deg C","20624994","20781","ABM","HOBO"
"06/12/23 11:00:00",13.666,"deg C","20624994","20781","ABM","HOBO"
"06/12/23 12:00:00",13.81,"deg C","20624994","20781","ABM","HOBO"
"06/12/23 13:00:00",13.978,"deg C","20624994","20781","ABM","HOBO"
"06/12/23 14:00:00",14.194,"deg C","20624994","20781","ABM","HOBO"
"06/12/23 15:00:00",14.409,"deg C","20624994","20781","ABM","HOBO"
"06/12/23 16:00:00",14.553,"deg C","20624994","20781","ABM","HOBO"
"06/12/23 17:00:00",14.625,"deg C","20624994","20781","ABM","HOBO"
"06/12/23 18:00:00",14.625,"deg C","20624994","20781","ABM","HOBO"
"06/12/23 19:00:00",14.577,"deg C","20624994","20781","ABM","HOBO"
"06/12/23 20:00:00",14.553,"deg C","20624994","20781","ABM","HOBO"
"06/12/23 21:00:00",14.529,"deg C","20624994","20781","ABM","HOBO"
"06/12/23 22:00:00",14.601,"deg C","20624994","20781","ABM","HOBO"
"06/12/23 23:00:00",14.577,"deg C","20624994","20781","ABM","HOBO"
"06/13/23 00:00:00",14.529,"deg C","20624994","20781","ABM","HOBO"
"06/13/23 01:00:00",14.529,"deg C","20624994","20781","ABM","HOBO"
"06/13/23 02:00:00",14.577,"deg C","20624994","20781","ABM","HOBO"
"06/13/23 03:00:00",14.768,"deg C","20624994","20781","ABM","HOBO"
"06/13/23 04:00:00",15.008,"deg C","20624994","20781","ABM","HOBO"
"06/13/23 05:00:00",15.151,"deg C","20624994","20781","ABM","HOBO"
"06/13/23 06:00:00",15.127,"deg C","20624994","20781","ABM","HOBO"
"06/13/23 07:00:00",15.055,"deg C","20624994","20781","ABM","HOBO"
"06/13/23 08:00:00",15.055,"deg C","20624994","20781","ABM","HOBO"
"06/13/23 09:00:00",15.055,"deg C","20624994","20781","ABM","HOBO"
"06/13/23 10:00:00",14.84,"deg C","20624994","20781","ABM","HOBO"
"06/13/23 11:00:00",14.864,"deg C","20624994","20781","ABM","HOBO"
"06/13/23 12:00:00",14.84,"deg C","20624994","20781","ABM","HOBO"
"06/13/23 13:00:00",14.816,"deg C","20624994","20781","ABM","HOBO"
"06/13/23 14:00:00",14.864,"deg C","20624994","20781","ABM","HOBO"
"06/13/23 15:00:00",14.912,"deg C","20624994","20781","ABM","HOBO"
"06/13/23 16:00:00",14.984,"deg C","20624994","20781","ABM","HOBO"
"06/13/23 17:00:00",15.055,"deg C","20624994","20781","ABM","HOBO"
"06/13/23 18:00:00",15.103,"deg C","20624994","20781","ABM","HOBO"
"06/13/23 19:00:00",15.151,"deg C","20624994","20781","ABM","HOBO"
"06/13/23 20:00:00",15.175,"deg C","20624994","20781","ABM","HOBO"
"06/13/23 21:00:00",15.151,"deg C","20624994","20781","ABM","HOBO"
"06/13/23 22:00:00",15.079,"deg C","20624994","20781","ABM","HOBO"
"06/13/23 23:00:00",15.031,"deg C","20624994","20781","ABM","HOBO"
"06/14/23 00:00:00",14.912,"deg C","20624994","20781","ABM","HOBO"
"06/14/23 01:00:00",14.768,"deg C","20624994","20781","ABM","HOBO"
"06/14/23 02:00:00",14.601,"deg C","20624994","20781","ABM","HOBO"
"06/14/23 03:00:00",14.505,"deg C","20624994","20781","ABM","HOBO"
"06/14/23 04:00:00",14.337,"deg C","20624994","20781","ABM","HOBO"
"06/14/23 05:00:00",14.218,"deg C","20624994","20781","ABM","HOBO"
"06/14/23 06:00:00",14.122,"deg C","20624994","20781","ABM","HOBO"
"06/14/23 07:00:00",14.05,"deg C","20624994","20781","ABM","HOBO"
"06/14/23 08:00:00",13.954,"deg C","20624994","20781","ABM","HOBO"
"06/14/23 09:00:00",13.906,"deg C","20624994","20781","ABM","HOBO"
"06/14/23 10:00:00",13.954,"deg C","20624994","20781","ABM","HOBO"
"06/14/23 11:00:00",14.026,"deg C","20624994","20781","ABM","HOBO"
"06/14/23 12:00:00",14.146,"deg C","20624994","20781","ABM","HOBO"
"06/14/23 13:00:00",14.314,"deg C","20624994","20781","ABM","HOBO"
"06/14/23 14:00:00",14.505,"deg C","20624994","20781","ABM","HOBO"
"06/14/23 15:00:00",14.649,"deg C","20624994","20781","ABM","HOBO"
"06/14/23 16:00:00",16.129,"deg C","20624994","20781","ABM","HOBO"
"06/14/23 17:00:00",16.082,"deg C","20624994","20781","ABM","HOBO"
"06/14/23 18:00:00",15.963,"deg C","20624994","20781","ABM","HOBO"
"06/14/23 19:00:00",15.843,"deg C","20624994","20781","ABM","HOBO"
"06/14/23 20:00:00",15.724,"deg C","20624994","20781","ABM","HOBO"
"06/14/23 21:00:00",15.533,"deg C","20624994","20781","ABM","HOBO"
"06/14/23 22:00:00",15.366,"deg C","20624994","20781","ABM","HOBO"
"06/14/23 23:00:00",15.103,"deg C","20624994","20781","ABM","HOBO"
"06/15/23 00:00:00",14.984,"deg C","20624994","20781","ABM","HOBO"
"06/15/23 01:00:00",14.816,"deg C","20624994","20781","ABM","HOBO"
"06/15/23 02:00:00",14.721,"deg C","20624994","20781","ABM","HOBO"
"06/15/23 03:00:00",14.601,"deg C","20624994","20781","ABM","HOBO"
"06/15/23 04:00:00",14.457,"deg C","20624994","20781","ABM","HOBO"
"06/15/23 05:00:00",14.314,"deg C","20624994","20781","ABM","HOBO"
"06/15/23 06:00:00",14.218,"deg C","20624994","20781","ABM","HOBO"
"06/15/23 07:00:00",14.122,"deg C","20624994","20781","ABM","HOBO"
"06/15/23 08:00:00",14.122,"deg C","20624994","20781","ABM","HOBO"
"06/15/23 09:00:00",14.098,"deg C","20624994","20781","ABM","HOBO"
"06/15/23 10:00:00",14.266,"deg C","20624994","20781","ABM","HOBO"
"06/15/23 11:00:00",14.314,"deg C","20624994","20781","ABM","HOBO"
"06/15/23 12:00:00",14.481,"deg C","20624994","20781","ABM","HOBO"
"06/15/23 13:00:00",14.721,"deg C","20624994","20781","ABM","HOBO"
"06/15/23 14:00:00",14.768,"deg C","20624994","20781","ABM","HOBO"
"06/15/23 15:00:00",14.912,"deg C","20624994","20781","ABM","HOBO"
"06/15/23 16:00:00",15.008,"deg C","20624994","20781","ABM","HOBO"
"06/15/23 17:00:00",15.151,"deg C","20624994","20781","ABM","HOBO"
"06/15/23 18:00:00",15.199,"deg C","20624994","20781","ABM","HOBO"
"06/15/23 19:00:00",15.223,"deg C","20624994","20781","ABM","HOBO"
"06/15/23 20:00:00",15.151,"deg C","20624994","20781","ABM","HOBO"
"06/15/23 21:00:00",15.055,"deg C","20624994","20781","ABM","HOBO"
"06/15/23 22:00:00",14.96,"deg C","20624994","20781","ABM","HOBO"
"06/15/23 23:00:00",14.864,"deg C","20624994","20781","ABM","HOBO"
"06/16/23 00:00:00",14.816,"deg C","20624994","20781","ABM","HOBO"
"06/16/23 01:00:00",14.768,"deg C","20624994","20781","ABM","HOBO"
"06/16/23 02:00:00",14.721,"deg C","20624994","20781","ABM","HOBO"
"06/16/23 03:00:00",14.697,"deg C","20624994","20781","ABM","HOBO"
"06/16/23 04:00:00",14.601,"deg C","20624994","20781","ABM","HOBO"
"06/16/23 05:00:00",14.577,"deg C","20624994","20781","ABM","HOBO"
"06/16/23 06:00:00",14.481,"deg C","20624994","20781","ABM","HOBO"
"06/16/23 07:00:00",14.385,"deg C","20624994","20781","ABM","HOBO"
"06/16/23 08:00:00",14.337,"deg C","20624994","20781","ABM","HOBO"
"06/16/23 09:00:00",14.337,"deg C","20624994","20781","ABM","HOBO"
"06/16/23 10:00:00",14.409,"deg C","20624994","20781","ABM","HOBO"
"06/16/23 11:00:00",14.481,"deg C","20624994","20781","ABM","HOBO"
"06/16/23 12:00:00",14.553,"deg C","20624994","20781","ABM","HOBO"
"06/16/23 13:00:00",14.601,"deg C","20624994","20781","ABM","HOBO"
"06/16/23 14:00:00",14.673,"deg C","20624994","20781","ABM","HOBO"
"06/16/23 15:00:00",14.745,"deg C","20624994","20781","ABM","HOBO"
"06/16/23 16:00:00",14.792,"deg C","20624994","20781","ABM","HOBO"
"06/16/23 17:00:00",14.84,"deg C","20624994","20781","ABM","HOBO"
"06/16/23 18:00:00",14.816,"deg C","20624994","20781","ABM","HOBO"
"06/16/23 19:00:00",14.792,"deg C","20624994","20781","ABM","HOBO"
"06/16/23 20:00:00",14.792,"deg C","20624994","20781","ABM","HOBO"
"06/16/23 21:00:00",14.792,"deg C","20624994","20781","ABM","HOBO"
"06/16/23 22:00:00",14.792,"deg C","20624994","20781","ABM","HOBO"
"06/16/23 23:00:00",14.745,"deg C","20624994","20781","ABM","HOBO"
"06/17/23 00:00:00",14.697,"deg C","20624994","20781","ABM","HOBO"
"06/17/23 01:00:00",14.649,"deg C","20624994","20781","ABM","HOBO"
"06/17/23 02:00:00",14.577,"deg C","20624994","20781","ABM","HOBO"
"06/17/23 03:00:00",14.529,"deg C","20624994","20781","ABM","HOBO"
"06/17/23 04:00:00",14.481,"deg C","20624994","20781","ABM","HOBO"
"06/17/23 05:00:00",14.433,"deg C","20624994","20781","ABM","HOBO"
"06/17/23 06:00:00",14.385,"deg C","20624994","20781","ABM","HOBO"
"06/17/23 07:00:00",14.337,"deg C","20624994","20781","ABM","HOBO"
"06/17/23 08:00:00",14.266,"deg C","20624994","20781","ABM","HOBO"
"06/17/23 09:00:00",14.218,"deg C","20624994","20781","ABM","HOBO"
"06/17/23 10:00:00",14.17,"deg C","20624994","20781","ABM","HOBO"
"06/17/23 11:00:00",14.17,"deg C","20624994","20781","ABM","HOBO"
"06/17/23 12:00:00",14.17,"deg C","20624994","20781","ABM","HOBO"
"06/17/23 13:00:00",14.194,"deg C","20624994","20781","ABM","HOBO"
"06/17/23 14:00:00",14.242,"deg C","20624994","20781","ABM","HOBO"
"06/17/23 15:00:00",14.266,"deg C","20624994","20781","ABM","HOBO"
"06/17/23 16:00:00",14.314,"deg C","20624994","20781","ABM","HOBO"
"06/17/23 17:00:00",14.337,"deg C","20624994","20781","ABM","HOBO"
"06/17/23 18:00:00",14.385,"deg C","20624994","20781","ABM","HOBO"
"06/17/23 19:00:00",14.409,"deg C","20624994","20781","ABM","HOBO"
"06/17/23 20:00:00",14.457,"deg C","20624994","20781","ABM","HOBO"
"06/17/23 21:00:00",14.433,"deg C","20624994","20781","ABM","HOBO"
"06/17/23 22:00:00",14.409,"deg C","20624994","20781","ABM","HOBO"
"06/17/23 23:00:00",14.361,"deg C","20624994","20781","ABM","HOBO"
"06/18/23 00:00:00",14.314,"deg C","20624994","20781","ABM","HOBO"
"06/18/23 01:00:00",14.242,"deg C","20624994","20781","ABM","HOBO"
"06/18/23 02:00:00",14.17,"deg C","20624994","20781","ABM","HOBO"
"06/18/23 03:00:00",14.098,"deg C","20624994","20781","ABM","HOBO"
"06/18/23 04:00:00",14.05,"deg C","20624994","20781","ABM","HOBO"
"06/18/23 05:00:00",14.002,"deg C","20624994","20781","ABM","HOBO"
"06/18/23 06:00:00",13.954,"deg C","20624994","20781","ABM","HOBO"
"06/18/23 07:00:00",13.93,"deg C","20624994","20781","ABM","HOBO"
"06/18/23 08:00:00",13.882,"deg C","20624994","20781","ABM","HOBO"
"06/18/23 09:00:00",13.882,"deg C","20624994","20781","ABM","HOBO"
"06/18/23 10:00:00",13.93,"deg C","20624994","20781","ABM","HOBO"
"06/18/23 11:00:00",14.026,"deg C","20624994","20781","ABM","HOBO"
"06/18/23 12:00:00",14.146,"deg C","20624994","20781","ABM","HOBO"
"06/18/23 13:00:00",14.361,"deg C","20624994","20781","ABM","HOBO"
"06/18/23 14:00:00",14.553,"deg C","20624994","20781","ABM","HOBO"
"06/18/23 15:00:00",14.649,"deg C","20624994","20781","ABM","HOBO"
"06/18/23 16:00:00",14.721,"deg C","20624994","20781","ABM","HOBO"
"06/18/23 17:00:00",14.745,"deg C","20624994","20781","ABM","HOBO"
"06/18/23 18:00:00",14.768,"deg C","20624994","20781","ABM","HOBO"
"06/18/23 19:00:00",14.792,"deg C","20624994","20781","ABM","HOBO"
"06/18/23 20:00:00",14.816,"deg C","20624994","20781","ABM","HOBO"
"06/18/23 21:00:00",14.816,"deg C","20624994","20781","ABM","HOBO"
"06/18/23 22:00:00",14.84,"deg C","20624994","20781","ABM","HOBO"
"06/18/23 23:00:00",14.816,"deg C","20624994","20781","ABM","HOBO"
"06/19/23 00:00:00",14.768,"deg C","20624994","20781","ABM","HOBO"
"06/19/23 01:00:00",14.721,"deg C","20624994","20781","ABM","HOBO"
"06/19/23 02:00:00",14.673,"deg C","20624994","20781","ABM","HOBO"
"06/19/23 03:00:00",14.625,"deg C","20624994","20781","ABM","HOBO"
"06/19/23 04:00:00",14.529,"deg C","20624994","20781","ABM","HOBO"
"06/19/23 05:00:00",14.457,"deg C","20624994","20781","ABM","HOBO"
"06/19/23 06:00:00",14.385,"deg C","20624994","20781","ABM","HOBO"
"06/19/23 07:00:00",14.29,"deg C","20624994","20781","ABM","HOBO"
"06/19/23 08:00:00",14.218,"deg C","20624994","20781","ABM","HOBO"
"06/19/23 09:00:00",14.17,"deg C","20624994","20781","ABM","HOBO"
"06/19/23 10:00:00",14.218,"deg C","20624994","20781","ABM","HOBO"
"06/19/23 11:00:00",14.314,"deg C","20624994","20781","ABM","HOBO"
"06/19/23 12:00:00",14.457,"deg C","20624994","20781","ABM","HOBO"
"06/19/23 13:00:00",14.625,"deg C","20624994","20781","ABM","HOBO"
"06/19/23 14:00:00",14.745,"deg C","20624994","20781","ABM","HOBO"
"06/19/23 15:00:00",14.792,"deg C","20624994","20781","ABM","HOBO"
"06/19/23 16:00:00",14.864,"deg C","20624994","20781","ABM","HOBO"
"06/19/23 17:00:00",14.936,"deg C","20624994","20781","ABM","HOBO"
"06/19/23 18:00:00",14.936,"deg C","20624994","20781","ABM","HOBO"
"06/19/23 19:00:00",14.936,"deg C","20624994","20781","ABM","HOBO"
"06/19/23 20:00:00",14.936,"deg C","20624994","20781","ABM","HOBO"
"06/19/23 21:00:00",14.912,"deg C","20624994","20781","ABM","HOBO"
"06/19/23 22:00:00",14.912,"deg C","20624994","20781","ABM","HOBO"
"06/19/23 23:00:00",14.864,"deg C","20624994","20781","ABM","HOBO"
"06/20/23 00:00:00",14.816,"deg C","20624994","20781","ABM","HOBO"
"06/20/23 01:00:00",14.745,"deg C","20624994","20781","ABM","HOBO"
"06/20/23 02:00:00",14.697,"deg C","20624994","20781","ABM","HOBO"
"06/20/23 03:00:00",14.625,"deg C","20624994","20781","ABM","HOBO"
"06/20/23 04:00:00",14.577,"deg C","20624994","20781","ABM","HOBO"
"06/20/23 05:00:00",14.481,"deg C","20624994","20781","ABM","HOBO"
"06/20/23 06:00:00",14.433,"deg C","20624994","20781","ABM","HOBO"
"06/20/23 07:00:00",14.337,"deg C","20624994","20781","ABM","HOBO"
"06/20/23 08:00:00",14.29,"deg C","20624994","20781","ABM","HOBO"
"06/20/23 09:00:00",14.242,"deg C","20624994","20781","ABM","HOBO"
"06/20/23 10:00:00",14.194,"deg C","20624994","20781","ABM","HOBO"
"06/20/23 11:00:00",14.218,"deg C","20624994","20781","ABM","HOBO"
"06/20/23 12:00:00",14.29,"deg C","20624994","20781","ABM","HOBO"
"06/20/23 13:00:00",14.409,"deg C","20624994","20781","ABM","HOBO"
"06/20/23 14:00:00",14.553,"deg C","20624994","20781","ABM","HOBO"
"06/20/23 15:00:00",14.745,"deg C","20624994","20781","ABM","HOBO"
"06/20/23 16:00:00",14.864,"deg C","20624994","20781","ABM","HOBO"
"06/20/23 17:00:00",14.912,"deg C","20624994","20781","ABM","HOBO"
"06/20/23 18:00:00",14.912,"deg C","20624994","20781","ABM","HOBO"
"06/20/23 19:00:00",14.912,"deg C","20624994","20781","ABM","HOBO"
"06/20/23 20:00:00",14.888,"deg C","20624994","20781","ABM","HOBO"
"06/20/23 21:00:00",14.888,"deg C","20624994","20781","ABM","HOBO"
"06/20/23 22:00:00",14.912,"deg C","20624994","20781","ABM","HOBO"
"06/20/23 23:00:00",14.912,"deg C","20624994","20781","ABM","HOBO"
"06/21/23 00:00:00",14.816,"deg C","20624994","20781","ABM","HOBO"
"06/21/23 01:00:00",14.745,"deg C","20624994","20781","ABM","HOBO"
"06/21/23 02:00:00",14.673,"deg C","20624994","20781","ABM","HOBO"
"06/21/23 03:00:00",14.601,"deg C","20624994","20781","ABM","HOBO"
"06/21/23 04:00:00",14.529,"deg C","20624994","20781","ABM","HOBO"
"06/21/23 05:00:00",14.481,"deg C","20624994","20781","ABM","HOBO"
"06/21/23 06:00:00",14.409,"deg C","20624994","20781","ABM","HOBO"
"06/21/23 07:00:00",14.314,"deg C","20624994","20781","ABM","HOBO"
"06/21/23 08:00:00",14.218,"deg C","20624994","20781","ABM","HOBO"
"06/21/23 09:00:00",14.218,"deg C","20624994","20781","ABM","HOBO"
"06/21/23 10:00:00",14.29,"deg C","20624994","20781","ABM","HOBO"
"06/21/23 11:00:00",14.361,"deg C","20624994","20781","ABM","HOBO"
"06/21/23 12:00:00",14.505,"deg C","20624994","20781","ABM","HOBO"
"06/21/23 13:00:00",14.625,"deg C","20624994","20781","ABM","HOBO"
"06/21/23 14:00:00",14.745,"deg C","20624994","20781","ABM","HOBO"
"06/21/23 15:00:00",14.816,"deg C","20624994","20781","ABM","HOBO"
"06/21/23 16:00:00",14.864,"deg C","20624994","20781","ABM","HOBO"
"06/21/23 17:00:00",14.84,"deg C","20624994","20781","ABM","HOBO"
"06/21/23 18:00:00",14.816,"deg C","20624994","20781","ABM","HOBO"
"06/21/23 19:00:00",14.768,"deg C","20624994","20781","ABM","HOBO"
"06/21/23 20:00:00",14.745,"deg C","20624994","20781","ABM","HOBO"
"06/21/23 21:00:00",14.721,"deg C","20624994","20781","ABM","HOBO"
"06/21/23 22:00:00",14.673,"deg C","20624994","20781","ABM","HOBO"
"06/21/23 23:00:00",14.625,"deg C","20624994","20781","ABM","HOBO"
"06/22/23 00:00:00",14.601,"deg C","20624994","20781","ABM","HOBO"
"06/22/23 01:00:00",14.553,"deg C","20624994","20781","ABM","HOBO"
"06/22/23 02:00:00",14.505,"deg C","20624994","20781","ABM","HOBO"
"06/22/23 03:00:00",14.433,"deg C","20624994","20781","ABM","HOBO"
"06/22/23 04:00:00",14.385,"deg C","20624994","20781","ABM","HOBO"
"06/22/23 05:00:00",14.29,"deg C","20624994","20781","ABM","HOBO"
"06/22/23 06:00:00",14.17,"deg C","20624994","20781","ABM","HOBO"
"06/22/23 07:00:00",14.074,"deg C","20624994","20781","ABM","HOBO"
"06/22/23 08:00:00",13.978,"deg C","20624994","20781","ABM","HOBO"
"06/22/23 09:00:00",13.906,"deg C","20624994","20781","ABM","HOBO"
"06/22/23 10:00:00",13.882,"deg C","20624994","20781","ABM","HOBO"
"06/22/23 11:00:00",13.858,"deg C","20624994","20781","ABM","HOBO"
"06/22/23 12:00:00",13.858,"deg C","20624994","20781","ABM","HOBO"
"06/22/23 13:00:00",13.906,"deg C","20624994","20781","ABM","HOBO"
"06/22/23 14:00:00",14.05,"deg C","20624994","20781","ABM","HOBO"
"06/22/23 15:00:00",14.242,"deg C","20624994","20781","ABM","HOBO"
"06/22/23 16:00:00",14.409,"deg C","20624994","20781","ABM","HOBO"
"06/22/23 17:00:00",14.577,"deg C","20624994","20781","ABM","HOBO"
"06/22/23 18:00:00",14.649,"deg C","20624994","20781","ABM","HOBO"
"06/22/23 19:00:00",14.697,"deg C","20624994","20781","ABM","HOBO"
"06/22/23 20:00:00",14.721,"deg C","20624994","20781","ABM","HOBO"
"06/22/23 21:00:00",14.721,"deg C","20624994","20781","ABM","HOBO"
"06/22/23 22:00:00",14.721,"deg C","20624994","20781","ABM","HOBO"
"06/22/23 23:00:00",14.697,"deg C","20624994","20781","ABM","HOBO"
"06/23/23 00:00:00",14.745,"deg C","20624994","20781","ABM","HOBO"
"06/23/23 01:00:00",14.697,"deg C","20624994","20781","ABM","HOBO"
"06/23/23 02:00:00",14.768,"deg C","20624994","20781","ABM","HOBO"
"06/23/23 03:00:00",14.697,"deg C","20624994","20781","ABM","HOBO"
"06/23/23 04:00:00",14.625,"deg C","20624994","20781","ABM","HOBO"
"06/23/23 05:00:00",14.601,"deg C","20624994","20781","ABM","HOBO"
"06/23/23 06:00:00",14.553,"deg C","20624994","20781","ABM","HOBO"
"06/23/23 07:00:00",14.505,"deg C","20624994","20781","ABM","HOBO"
"06/23/23 08:00:00",14.505,"deg C","20624994","20781","ABM","HOBO"
"06/23/23 09:00:00",14.529,"deg C","20624994","20781","ABM","HOBO"
"06/23/23 10:00:00",14.553,"deg C","20624994","20781","ABM","HOBO"
"06/23/23 11:00:00",14.601,"deg C","20624994","20781","ABM","HOBO"
"06/23/23 12:00:00",14.697,"deg C","20624994","20781","ABM","HOBO"
"06/23/23 13:00:00",14.84,"deg C","20624994","20781","ABM","HOBO"
"06/23/23 14:00:00",15.008,"deg C","20624994","20781","ABM","HOBO"
"06/23/23 15:00:00",15.223,"deg C","20624994","20781","ABM","HOBO"
"06/23/23 16:00:00",15.294,"deg C","20624994","20781","ABM","HOBO"
"06/23/23 17:00:00",15.342,"deg C","20624994","20781","ABM","HOBO"
"06/23/23 18:00:00",15.366,"deg C","20624994","20781","ABM","HOBO"
"06/23/23 19:00:00",15.39,"deg C","20624994","20781","ABM","HOBO"
"06/23/23 20:00:00",15.39,"deg C","20624994","20781","ABM","HOBO"
"06/23/23 21:00:00",15.39,"deg C","20624994","20781","ABM","HOBO"
"06/23/23 22:00:00",15.39,"deg C","20624994","20781","ABM","HOBO"
"06/23/23 23:00:00",15.366,"deg C","20624994","20781","ABM","HOBO"
"06/24/23 00:00:00",15.342,"deg C","20624994","20781","ABM","HOBO"
"06/24/23 01:00:00",15.294,"deg C","20624994","20781","ABM","HOBO"
"06/24/23 02:00:00",15.27,"deg C","20624994","20781","ABM","HOBO"
"06/24/23 03:00:00",15.27,"deg C","20624994","20781","ABM","HOBO"
"06/24/23 04:00:00",15.27,"deg C","20624994","20781","ABM","HOBO"
"06/24/23 05:00:00",15.247,"deg C","20624994","20781","ABM","HOBO"
"06/24/23 06:00:00",15.247,"deg C","20624994","20781","ABM","HOBO"
"06/24/23 07:00:00",15.223,"deg C","20624994","20781","ABM","HOBO"
"06/24/23 08:00:00",15.223,"deg C","20624994","20781","ABM","HOBO"
"06/24/23 09:00:00",15.27,"deg C","20624994","20781","ABM","HOBO"
"06/24/23 10:00:00",15.772,"deg C","20624994","20781","ABM","HOBO"
"06/24/23 11:00:00",15.963,"deg C","20624994","20781","ABM","HOBO"
"06/24/23 12:00:00",15.867,"deg C","20624994","20781","ABM","HOBO"
"06/24/23 13:00:00",15.748,"deg C","20624994","20781","ABM","HOBO"
"06/24/23 14:00:00",15.724,"deg C","20624994","20781","ABM","HOBO"
"06/24/23 15:00:00",15.7,"deg C","20624994","20781","ABM","HOBO"
"06/24/23 16:00:00",15.772,"deg C","20624994","20781","ABM","HOBO"
"06/24/23 17:00:00",15.843,"deg C","20624994","20781","ABM","HOBO"
"06/24/23 18:00:00",15.867,"deg C","20624994","20781","ABM","HOBO"
"06/24/23 19:00:00",15.915,"deg C","20624994","20781","ABM","HOBO"
"06/24/23 20:00:00",15.939,"deg C","20624994","20781","ABM","HOBO"
"06/24/23 21:00:00",15.963,"deg C","20624994","20781","ABM","HOBO"
"06/24/23 22:00:00",15.986,"deg C","20624994","20781","ABM","HOBO"
"06/24/23 23:00:00",15.986,"deg C","20624994","20781","ABM","HOBO"
"06/25/23 00:00:00",15.963,"deg C","20624994","20781","ABM","HOBO"
"06/25/23 01:00:00",15.939,"deg C","20624994","20781","ABM","HOBO"
"06/25/23 02:00:00",15.891,"deg C","20624994","20781","ABM","HOBO"
"06/25/23 03:00:00",15.867,"deg C","20624994","20781","ABM","HOBO"
"06/25/23 04:00:00",15.867,"deg C","20624994","20781","ABM","HOBO"
"06/25/23 05:00:00",15.843,"deg C","20624994","20781","ABM","HOBO"
"06/25/23 06:00:00",15.819,"deg C","20624994","20781","ABM","HOBO"
"06/25/23 07:00:00",15.772,"deg C","20624994","20781","ABM","HOBO"
"06/25/23 08:00:00",15.748,"deg C","20624994","20781","ABM","HOBO"
"06/25/23 09:00:00",15.772,"deg C","20624994","20781","ABM","HOBO"
"06/25/23 10:00:00",15.819,"deg C","20624994","20781","ABM","HOBO"
"06/25/23 11:00:00",15.915,"deg C","20624994","20781","ABM","HOBO"
"06/25/23 12:00:00",16.058,"deg C","20624994","20781","ABM","HOBO"
"06/25/23 13:00:00",16.249,"deg C","20624994","20781","ABM","HOBO"
"06/25/23 14:00:00",16.415,"deg C","20624994","20781","ABM","HOBO"
"06/25/23 15:00:00",16.558,"deg C","20624994","20781","ABM","HOBO"
"06/25/23 16:00:00",16.677,"deg C","20624994","20781","ABM","HOBO"
"06/25/23 17:00:00",16.796,"deg C","20624994","20781","ABM","HOBO"
"06/25/23 18:00:00",16.868,"deg C","20624994","20781","ABM","HOBO"
"06/25/23 19:00:00",16.892,"deg C","20624994","20781","ABM","HOBO"
"06/25/23 20:00:00",16.987,"deg C","20624994","20781","ABM","HOBO"
"06/25/23 21:00:00",17.011,"deg C","20624994","20781","ABM","HOBO"
"06/25/23 22:00:00",17.058,"deg C","20624994","20781","ABM","HOBO"
"06/25/23 23:00:00",16.987,"deg C","20624994","20781","ABM","HOBO"
"06/26/23 00:00:00",16.915,"deg C","20624994","20781","ABM","HOBO"
"06/26/23 01:00:00",16.868,"deg C","20624994","20781","ABM","HOBO"
"06/26/23 02:00:00",16.82,"deg C","20624994","20781","ABM","HOBO"
"06/26/23 03:00:00",16.796,"deg C","20624994","20781","ABM","HOBO"
"06/26/23 04:00:00",16.749,"deg C","20624994","20781","ABM","HOBO"
"06/26/23 05:00:00",16.701,"deg C","20624994","20781","ABM","HOBO"
"06/26/23 06:00:00",16.63,"deg C","20624994","20781","ABM","HOBO"
"06/26/23 07:00:00",16.582,"deg C","20624994","20781","ABM","HOBO"
"06/26/23 08:00:00",16.511,"deg C","20624994","20781","ABM","HOBO"
"06/26/23 09:00:00",16.463,"deg C","20624994","20781","ABM","HOBO"
"06/26/23 10:00:00",16.439,"deg C","20624994","20781","ABM","HOBO"
"06/26/23 11:00:00",16.415,"deg C","20624994","20781","ABM","HOBO"
"06/26/23 12:00:00",16.463,"deg C","20624994","20781","ABM","HOBO"
"06/26/23 13:00:00",16.582,"deg C","20624994","20781","ABM","HOBO"
"06/26/23 14:00:00",16.654,"deg C","20624994","20781","ABM","HOBO"
"06/26/23 15:00:00",16.725,"deg C","20624994","20781","ABM","HOBO"
"06/26/23 16:00:00",16.82,"deg C","20624994","20781","ABM","HOBO"
"06/26/23 17:00:00",16.892,"deg C","20624994","20781","ABM","HOBO"
"06/26/23 18:00:00",16.915,"deg C","20624994","20781","ABM","HOBO"
"06/26/23 19:00:00",16.939,"deg C","20624994","20781","ABM","HOBO"
"06/26/23 20:00:00",16.939,"deg C","20624994","20781","ABM","HOBO"
"06/26/23 21:00:00",16.963,"deg C","20624994","20781","ABM","HOBO"
"06/26/23 22:00:00",16.963,"deg C","20624994","20781","ABM","HOBO"
"06/26/23 23:00:00",16.987,"deg C","20624994","20781","ABM","HOBO"
"06/27/23 00:00:00",17.011,"deg C","20624994","20781","ABM","HOBO"
"06/27/23 01:00:00",17.011,"deg C","20624994","20781","ABM","HOBO"
"06/27/23 02:00:00",16.987,"deg C","20624994","20781","ABM","HOBO"
"06/27/23 03:00:00",16.939,"deg C","20624994","20781","ABM","HOBO"
"06/27/23 04:00:00",16.892,"deg C","20624994","20781","ABM","HOBO"
"06/27/23 05:00:00",16.868,"deg C","20624994","20781","ABM","HOBO"
"06/27/23 06:00:00",16.82,"deg C","20624994","20781","ABM","HOBO"
"06/27/23 07:00:00",16.796,"deg C","20624994","20781","ABM","HOBO"
"06/27/23 08:00:00",16.773,"deg C","20624994","20781","ABM","HOBO"
"06/27/23 09:00:00",16.749,"deg C","20624994","20781","ABM","HOBO"
"06/27/23 10:00:00",16.749,"deg C","20624994","20781","ABM","HOBO"
"06/27/23 11:00:00",16.749,"deg C","20624994","20781","ABM","HOBO"
"06/27/23 12:00:00",16.773,"deg C","20624994","20781","ABM","HOBO"
"06/27/23 13:00:00",16.796,"deg C","20624994","20781","ABM","HOBO"
"06/27/23 14:00:00",16.82,"deg C","20624994","20781","ABM","HOBO"
"06/27/23 15:00:00",16.844,"deg C","20624994","20781","ABM","HOBO"
"06/27/23 16:00:00",16.844,"deg C","20624994","20781","ABM","HOBO"
"06/27/23 17:00:00",16.844,"deg C","20624994","20781","ABM","HOBO"
"06/27/23 18:00:00",16.844,"deg C","20624994","20781","ABM","HOBO"
"06/27/23 19:00:00",16.796,"deg C","20624994","20781","ABM","HOBO"
"06/27/23 20:00:00",16.796,"deg C","20624994","20781","ABM","HOBO"
"06/27/23 21:00:00",16.749,"deg C","20624994","20781","ABM","HOBO"
"06/27/23 22:00:00",16.725,"deg C","20624994","20781","ABM","HOBO"
"06/27/23 23:00:00",16.677,"deg C","20624994","20781","ABM","HOBO"
"06/28/23 00:00:00",16.63,"deg C","20624994","20781","ABM","HOBO"
"06/28/23 01:00:00",16.582,"deg C","20624994","20781","ABM","HOBO"
"06/28/23 02:00:00",16.511,"deg C","20624994","20781","ABM","HOBO"
"06/28/23 03:00:00",16.463,"deg C","20624994","20781","ABM","HOBO"
"06/28/23 04:00:00",16.415,"deg C","20624994","20781","ABM","HOBO"
"06/28/23 05:00:00",16.392,"deg C","20624994","20781","ABM","HOBO"
"06/28/23 06:00:00",16.344,"deg C","20624994","20781","ABM","HOBO"
"06/28/23 07:00:00",16.344,"deg C","20624994","20781","ABM","HOBO"
"06/28/23 08:00:00",16.344,"deg C","20624994","20781","ABM","HOBO"
"06/28/23 09:00:00",16.344,"deg C","20624994","20781","ABM","HOBO"
"06/28/23 10:00:00",16.344,"deg C","20624994","20781","ABM","HOBO"
"06/28/23 11:00:00",16.392,"deg C","20624994","20781","ABM","HOBO"
"06/28/23 12:00:00",16.415,"deg C","20624994","20781","ABM","HOBO"
"06/28/23 13:00:00",16.487,"deg C","20624994","20781","ABM","HOBO"
"06/28/23 14:00:00",16.558,"deg C","20624994","20781","ABM","HOBO"
"06/28/23 15:00:00",16.606,"deg C","20624994","20781","ABM","HOBO"
"06/28/23 16:00:00",16.725,"deg C","20624994","20781","ABM","HOBO"
"06/28/23 17:00:00",16.868,"deg C","20624994","20781","ABM","HOBO"
"06/28/23 18:00:00",16.963,"deg C","20624994","20781","ABM","HOBO"
"06/28/23 19:00:00",18.01,"deg C","20624994","20781","ABM","HOBO"
"06/28/23 20:00:00",18.485,"deg C","20624994","20781","ABM","HOBO"
"06/28/23 21:00:00",18.081,"deg C","20624994","20781","ABM","HOBO"
"06/28/23 22:00:00",17.748,"deg C","20624994","20781","ABM","HOBO"
"06/28/23 23:00:00",17.463,"deg C","20624994","20781","ABM","HOBO"
"06/29/23 00:00:00",17.296,"deg C","20624994","20781","ABM","HOBO"
"06/29/23 01:00:00",17.106,"deg C","20624994","20781","ABM","HOBO"
"06/29/23 02:00:00",16.963,"deg C","20624994","20781","ABM","HOBO"
"06/29/23 03:00:00",16.82,"deg C","20624994","20781","ABM","HOBO"
"06/29/23 04:00:00",16.701,"deg C","20624994","20781","ABM","HOBO"
"06/29/23 05:00:00",16.606,"deg C","20624994","20781","ABM","HOBO"
"06/29/23 06:00:00",16.487,"deg C","20624994","20781","ABM","HOBO"
"06/29/23 07:00:00",16.392,"deg C","20624994","20781","ABM","HOBO"
"06/29/23 08:00:00",16.249,"deg C","20624994","20781","ABM","HOBO"
"06/29/23 09:00:00",16.177,"deg C","20624994","20781","ABM","HOBO"
"06/29/23 10:00:00",16.153,"deg C","20624994","20781","ABM","HOBO"
"06/29/23 11:00:00",16.153,"deg C","20624994","20781","ABM","HOBO"
"06/29/23 12:00:00",16.177,"deg C","20624994","20781","ABM","HOBO"
"06/29/23 13:00:00",16.201,"deg C","20624994","20781","ABM","HOBO"
"06/29/23 14:00:00",16.249,"deg C","20624994","20781","ABM","HOBO"
"06/29/23 15:00:00",16.272,"deg C","20624994","20781","ABM","HOBO"
"06/29/23 16:00:00",16.272,"deg C","20624994","20781","ABM","HOBO"
"06/29/23 17:00:00",16.296,"deg C","20624994","20781","ABM","HOBO"
"06/29/23 18:00:00",16.344,"deg C","20624994","20781","ABM","HOBO"
"06/29/23 19:00:00",16.415,"deg C","20624994","20781","ABM","HOBO"
"06/29/23 20:00:00",16.463,"deg C","20624994","20781","ABM","HOBO"
"06/29/23 21:00:00",16.487,"deg C","20624994","20781","ABM","HOBO"
"06/29/23 22:00:00",16.511,"deg C","20624994","20781","ABM","HOBO"
"06/29/23 23:00:00",16.487,"deg C","20624994","20781","ABM","HOBO"
"06/30/23 00:00:00",16.439,"deg C","20624994","20781","ABM","HOBO"
"06/30/23 01:00:00",16.415,"deg C","20624994","20781","ABM","HOBO"
"06/30/23 02:00:00",16.392,"deg C","20624994","20781","ABM","HOBO"
"06/30/23 03:00:00",16.368,"deg C","20624994","20781","ABM","HOBO"
"06/30/23 04:00:00",16.32,"deg C","20624994","20781","ABM","HOBO"
"06/30/23 05:00:00",16.225,"deg C","20624994","20781","ABM","HOBO"
"06/30/23 06:00:00",16.153,"deg C","20624994","20781","ABM","HOBO"
"06/30/23 07:00:00",16.058,"deg C","20624994","20781","ABM","HOBO"
"06/30/23 08:00:00",16.01,"deg C","20624994","20781","ABM","HOBO"
"06/30/23 09:00:00",15.986,"deg C","20624994","20781","ABM","HOBO"
"06/30/23 10:00:00",16.01,"deg C","20624994","20781","ABM","HOBO"
"06/30/23 11:00:00",16.082,"deg C","20624994","20781","ABM","HOBO"
"06/30/23 12:00:00",16.201,"deg C","20624994","20781","ABM","HOBO"
"06/30/23 13:00:00",16.392,"deg C","20624994","20781","ABM","HOBO"
"06/30/23 14:00:00",16.534,"deg C","20624994","20781","ABM","HOBO"
"06/30/23 15:00:00",16.749,"deg C","20624994","20781","ABM","HOBO"
"06/30/23 16:00:00",16.868,"deg C","20624994","20781","ABM","HOBO"
"06/30/23 17:00:00",16.915,"deg C","20624994","20781","ABM","HOBO"
"06/30/23 18:00:00",16.963,"deg C","20624994","20781","ABM","HOBO"
"06/30/23 19:00:00",16.963,"deg C","20624994","20781","ABM","HOBO"
"06/30/23 20:00:00",16.939,"deg C","20624994","20781","ABM","HOBO"
"06/30/23 21:00:00",16.892,"deg C","20624994","20781","ABM","HOBO"
"06/30/23 22:00:00",16.868,"deg C","20624994","20781","ABM","HOBO"
"06/30/23 23:00:00",16.844,"deg C","20624994","20781","ABM","HOBO"
"07/01/23 00:00:00",16.796,"deg C","20624994","20781","ABM","HOBO"
"07/01/23 01:00:00",16.749,"deg C","20624994","20781","ABM","HOBO"
"07/01/23 02:00:00",16.677,"deg C","20624994","20781","ABM","HOBO"
"07/01/23 03:00:00",16.654,"deg C","20624994","20781","ABM","HOBO"
"07/01/23 04:00:00",16.606,"deg C","20624994","20781","ABM","HOBO"
"07/01/23 05:00:00",16.534,"deg C","20624994","20781","ABM","HOBO"
"07/01/23 06:00:00",16.487,"deg C","20624994","20781","ABM","HOBO"
"07/01/23 07:00:00",16.415,"deg C","20624994","20781","ABM","HOBO"
"07/01/23 08:00:00",16.344,"deg C","20624994","20781","ABM","HOBO"
"07/01/23 09:00:00",16.32,"deg C","20624994","20781","ABM","HOBO"
"07/01/23 10:00:00",16.368,"deg C","20624994","20781","ABM","HOBO"
"07/01/23 11:00:00",16.511,"deg C","20624994","20781","ABM","HOBO"
"07/01/23 12:00:00",16.749,"deg C","20624994","20781","ABM","HOBO"
"07/01/23 13:00:00",17.058,"deg C","20624994","20781","ABM","HOBO"
"07/01/23 14:00:00",17.058,"deg C","20624994","20781","ABM","HOBO"
"07/01/23 15:00:00",17.082,"deg C","20624994","20781","ABM","HOBO"
"07/01/23 16:00:00",17.106,"deg C","20624994","20781","ABM","HOBO"
"07/01/23 17:00:00",17.082,"deg C","20624994","20781","ABM","HOBO"
"07/01/23 18:00:00",17.034,"deg C","20624994","20781","ABM","HOBO"
"07/01/23 19:00:00",16.987,"deg C","20624994","20781","ABM","HOBO"
"07/01/23 20:00:00",16.915,"deg C","20624994","20781","ABM","HOBO"
"07/01/23 21:00:00",16.868,"deg C","20624994","20781","ABM","HOBO"
"07/01/23 22:00:00",16.796,"deg C","20624994","20781","ABM","HOBO"
"07/01/23 23:00:00",16.749,"deg C","20624994","20781","ABM","HOBO"
"07/02/23 00:00:00",16.677,"deg C","20624994","20781","ABM","HOBO"
"07/02/23 01:00:00",16.677,"deg C","20624994","20781","ABM","HOBO"
"07/02/23 02:00:00",16.654,"deg C","20624994","20781","ABM","HOBO"
"07/02/23 03:00:00",16.582,"deg C","20624994","20781","ABM","HOBO"
"07/02/23 04:00:00",16.534,"deg C","20624994","20781","ABM","HOBO"
"07/02/23 05:00:00",16.558,"deg C","20624994","20781","ABM","HOBO"
"07/02/23 06:00:00",16.63,"deg C","20624994","20781","ABM","HOBO"
"07/02/23 07:00:00",17.701,"deg C","20624994","20781","ABM","HOBO"
"07/02/23 08:00:00",17.629,"deg C","20624994","20781","ABM","HOBO"
"07/02/23 09:00:00",17.582,"deg C","20624994","20781","ABM","HOBO"
"07/02/23 10:00:00",17.605,"deg C","20624994","20781","ABM","HOBO"
"07/02/23 11:00:00",17.701,"deg C","20624994","20781","ABM","HOBO"
"07/02/23 12:00:00",17.772,"deg C","20624994","20781","ABM","HOBO"
"07/02/23 13:00:00",17.843,"deg C","20624994","20781","ABM","HOBO"
"07/02/23 14:00:00",17.938,"deg C","20624994","20781","ABM","HOBO"
"07/02/23 15:00:00",18.105,"deg C","20624994","20781","ABM","HOBO"
"07/02/23 16:00:00",18.438,"deg C","20624994","20781","ABM","HOBO"
"07/02/23 17:00:00",18.247,"deg C","20624994","20781","ABM","HOBO"
"07/02/23 18:00:00",18.39,"deg C","20624994","20781","ABM","HOBO"
"07/02/23 19:00:00",18.604,"deg C","20624994","20781","ABM","HOBO"
"07/02/23 20:00:00",18.557,"deg C","20624994","20781","ABM","HOBO"
"07/02/23 21:00:00",19.579,"deg C","20624994","20781","ABM","HOBO"
"07/02/23 22:00:00",19.246,"deg C","20624994","20781","ABM","HOBO"
"07/02/23 23:00:00",19.103,"deg C","20624994","20781","ABM","HOBO"
"07/03/23 00:00:00",19.008,"deg C","20624994","20781","ABM","HOBO"
"07/03/23 01:00:00",18.961,"deg C","20624994","20781","ABM","HOBO"
"07/03/23 02:00:00",19.008,"deg C","20624994","20781","ABM","HOBO"
"07/03/23 03:00:00",18.961,"deg C","20624994","20781","ABM","HOBO"
"07/03/23 04:00:00",18.842,"deg C","20624994","20781","ABM","HOBO"
"07/03/23 05:00:00",18.771,"deg C","20624994","20781","ABM","HOBO"
"07/03/23 06:00:00",18.747,"deg C","20624994","20781","ABM","HOBO"
"07/03/23 07:00:00",18.771,"deg C","20624994","20781","ABM","HOBO"
"07/03/23 08:00:00",18.818,"deg C","20624994","20781","ABM","HOBO"
"07/03/23 09:00:00",18.985,"deg C","20624994","20781","ABM","HOBO"
"07/03/23 10:00:00",19.199,"deg C","20624994","20781","ABM","HOBO"
"07/03/23 11:00:00",19.436,"deg C","20624994","20781","ABM","HOBO"
"07/03/23 12:00:00",19.817,"deg C","20624994","20781","ABM","HOBO"
"07/03/23 13:00:00",20.198,"deg C","20624994","20781","ABM","HOBO"
"07/03/23 14:00:00",20.365,"deg C","20624994","20781","ABM","HOBO"
"07/03/23 15:00:00",20.627,"deg C","20624994","20781","ABM","HOBO"
"07/03/23 16:00:00",20.722,"deg C","20624994","20781","ABM","HOBO"
"07/03/23 17:00:00",20.817,"deg C","20624994","20781","ABM","HOBO"
"07/03/23 18:00:00",20.65,"deg C","20624994","20781","ABM","HOBO"
"07/03/23 19:00:00",20.412,"deg C","20624994","20781","ABM","HOBO"
"07/03/23 20:00:00",20.174,"deg C","20624994","20781","ABM","HOBO"
"07/03/23 21:00:00",20.103,"deg C","20624994","20781","ABM","HOBO"
"07/03/23 22:00:00",20.222,"deg C","20624994","20781","ABM","HOBO"
"07/03/23 23:00:00",20.079,"deg C","20624994","20781","ABM","HOBO"
"07/04/23 00:00:00",19.912,"deg C","20624994","20781","ABM","HOBO"
"07/04/23 01:00:00",19.674,"deg C","20624994","20781","ABM","HOBO"
"07/04/23 02:00:00",19.532,"deg C","20624994","20781","ABM","HOBO"
"07/04/23 03:00:00",19.413,"deg C","20624994","20781","ABM","HOBO"
"07/04/23 04:00:00",19.341,"deg C","20624994","20781","ABM","HOBO"
"07/04/23 05:00:00",19.27,"deg C","20624994","20781","ABM","HOBO"
"07/04/23 06:00:00",19.222,"deg C","20624994","20781","ABM","HOBO"
"07/04/23 07:00:00",19.175,"deg C","20624994","20781","ABM","HOBO"
"07/04/23 08:00:00",19.151,"deg C","20624994","20781","ABM","HOBO"
"07/04/23 09:00:00",19.199,"deg C","20624994","20781","ABM","HOBO"
"07/04/23 10:00:00",19.294,"deg C","20624994","20781","ABM","HOBO"
"07/04/23 11:00:00",19.484,"deg C","20624994","20781","ABM","HOBO"
"07/04/23 12:00:00",19.508,"deg C","20624994","20781","ABM","HOBO"
"07/04/23 13:00:00",19.888,"deg C","20624994","20781","ABM","HOBO"
"07/04/23 14:00:00",19.984,"deg C","20624994","20781","ABM","HOBO"
"07/04/23 15:00:00",19.841,"deg C","20624994","20781","ABM","HOBO"
"07/04/23 16:00:00",20.126,"deg C","20624994","20781","ABM","HOBO"
"07/04/23 17:00:00",20.222,"deg C","20624994","20781","ABM","HOBO"
"07/04/23 18:00:00",20.126,"deg C","20624994","20781","ABM","HOBO"
"07/04/23 19:00:00",20.007,"deg C","20624994","20781","ABM","HOBO"
"07/04/23 20:00:00",19.865,"deg C","20624994","20781","ABM","HOBO"
"07/04/23 21:00:00",19.698,"deg C","20624994","20781","ABM","HOBO"
"07/04/23 22:00:00",19.555,"deg C","20624994","20781","ABM","HOBO"
"07/04/23 23:00:00",19.436,"deg C","20624994","20781","ABM","HOBO"
"07/05/23 00:00:00",19.341,"deg C","20624994","20781","ABM","HOBO"
"07/05/23 01:00:00",19.246,"deg C","20624994","20781","ABM","HOBO"
"07/05/23 02:00:00",19.199,"deg C","20624994","20781","ABM","HOBO"
"07/05/23 03:00:00",19.175,"deg C","20624994","20781","ABM","HOBO"
"07/05/23 04:00:00",19.103,"deg C","20624994","20781","ABM","HOBO"
"07/05/23 05:00:00",19.056,"deg C","20624994","20781","ABM","HOBO"
"07/05/23 06:00:00",18.985,"deg C","20624994","20781","ABM","HOBO"
"07/05/23 07:00:00",18.937,"deg C","20624994","20781","ABM","HOBO"
"07/05/23 08:00:00",18.985,"deg C","20624994","20781","ABM","HOBO"
"07/05/23 09:00:00",19.127,"deg C","20624994","20781","ABM","HOBO"
"07/05/23 10:00:00",19.389,"deg C","20624994","20781","ABM","HOBO"
"07/05/23 11:00:00",19.912,"deg C","20624994","20781","ABM","HOBO"
"07/05/23 12:00:00",20.222,"deg C","20624994","20781","ABM","HOBO"
"07/05/23 13:00:00",20.507,"deg C","20624994","20781","ABM","HOBO"
"07/05/23 14:00:00",20.913,"deg C","20624994","20781","ABM","HOBO"
"07/05/23 15:00:00",21.175,"deg C","20624994","20781","ABM","HOBO"
"07/05/23 16:00:00",21.461,"deg C","20624994","20781","ABM","HOBO"
"07/05/23 17:00:00",21.533,"deg C","20624994","20781","ABM","HOBO"
"07/05/23 18:00:00",21.318,"deg C","20624994","20781","ABM","HOBO"
"07/05/23 19:00:00",21.175,"deg C","20624994","20781","ABM","HOBO"
"07/05/23 20:00:00",20.936,"deg C","20624994","20781","ABM","HOBO"
"07/05/23 21:00:00",20.698,"deg C","20624994","20781","ABM","HOBO"
"07/05/23 22:00:00",20.46,"deg C","20624994","20781","ABM","HOBO"
"07/05/23 23:00:00",20.246,"deg C","20624994","20781","ABM","HOBO"
"07/06/23 00:00:00",20.079,"deg C","20624994","20781","ABM","HOBO"
"07/06/23 01:00:00",19.888,"deg C","20624994","20781","ABM","HOBO"
"07/06/23 02:00:00",19.746,"deg C","20624994","20781","ABM","HOBO"
"07/06/23 03:00:00",19.651,"deg C","20624994","20781","ABM","HOBO"
"07/06/23 04:00:00",19.579,"deg C","20624994","20781","ABM","HOBO"
"07/06/23 05:00:00",19.508,"deg C","20624994","20781","ABM","HOBO"
"07/06/23 06:00:00",19.436,"deg C","20624994","20781","ABM","HOBO"
"07/06/23 07:00:00",19.365,"deg C","20624994","20781","ABM","HOBO"
"07/06/23 08:00:00",19.389,"deg C","20624994","20781","ABM","HOBO"
"07/06/23 09:00:00",19.46,"deg C","20624994","20781","ABM","HOBO"
"07/06/23 10:00:00",19.603,"deg C","20624994","20781","ABM","HOBO"
"07/06/23 11:00:00",19.627,"deg C","20624994","20781","ABM","HOBO"
"07/06/23 12:00:00",19.77,"deg C","20624994","20781","ABM","HOBO"
"07/06/23 13:00:00",19.984,"deg C","20624994","20781","ABM","HOBO"
"07/06/23 14:00:00",20.222,"deg C","20624994","20781","ABM","HOBO"
"07/06/23 15:00:00",20.388,"deg C","20624994","20781","ABM","HOBO"
"07/06/23 16:00:00",20.531,"deg C","20624994","20781","ABM","HOBO"
"07/06/23 17:00:00",20.65,"deg C","20624994","20781","ABM","HOBO"
"07/06/23 18:00:00",20.674,"deg C","20624994","20781","ABM","HOBO"
"07/06/23 19:00:00",20.65,"deg C","20624994","20781","ABM","HOBO"
"07/06/23 20:00:00",20.579,"deg C","20624994","20781","ABM","HOBO"
"07/06/23 21:00:00",20.46,"deg C","20624994","20781","ABM","HOBO"
"07/06/23 22:00:00",20.341,"deg C","20624994","20781","ABM","HOBO"
"07/06/23 23:00:00",20.222,"deg C","20624994","20781","ABM","HOBO"
"07/07/23 00:00:00",20.15,"deg C","20624994","20781","ABM","HOBO"
"07/07/23 01:00:00",20.055,"deg C","20624994","20781","ABM","HOBO"
"07/07/23 02:00:00",19.936,"deg C","20624994","20781","ABM","HOBO"
"07/07/23 03:00:00",19.77,"deg C","20624994","20781","ABM","HOBO"
"07/07/23 04:00:00",19.603,"deg C","20624994","20781","ABM","HOBO"
"07/07/23 05:00:00",19.508,"deg C","20624994","20781","ABM","HOBO"
"07/07/23 06:00:00",19.436,"deg C","20624994","20781","ABM","HOBO"
"07/07/23 07:00:00",19.389,"deg C","20624994","20781","ABM","HOBO"
"07/07/23 08:00:00",19.341,"deg C","20624994","20781","ABM","HOBO"
"07/07/23 09:00:00",19.318,"deg C","20624994","20781","ABM","HOBO"
"07/07/23 10:00:00",19.413,"deg C","20624994","20781","ABM","HOBO"
"07/07/23 11:00:00",19.532,"deg C","20624994","20781","ABM","HOBO"
"07/07/23 12:00:00",19.627,"deg C","20624994","20781","ABM","HOBO"
"07/07/23 13:00:00",19.841,"deg C","20624994","20781","ABM","HOBO"
"07/07/23 14:00:00",20.007,"deg C","20624994","20781","ABM","HOBO"
"07/07/23 15:00:00",20.198,"deg C","20624994","20781","ABM","HOBO"
"07/07/23 16:00:00",20.341,"deg C","20624994","20781","ABM","HOBO"
"07/07/23 17:00:00",20.388,"deg C","20624994","20781","ABM","HOBO"
"07/07/23 18:00:00",20.388,"deg C","20624994","20781","ABM","HOBO"
"07/07/23 19:00:00",20.341,"deg C","20624994","20781","ABM","HOBO"
"07/07/23 20:00:00",20.293,"deg C","20624994","20781","ABM","HOBO"
"07/07/23 21:00:00",20.222,"deg C","20624994","20781","ABM","HOBO"
"07/07/23 22:00:00",20.103,"deg C","20624994","20781","ABM","HOBO"
"07/07/23 23:00:00",20.007,"deg C","20624994","20781","ABM","HOBO"
"07/08/23 00:00:00",19.936,"deg C","20624994","20781","ABM","HOBO"
"07/08/23 01:00:00",19.841,"deg C","20624994","20781","ABM","HOBO"
"07/08/23 02:00:00",19.746,"deg C","20624994","20781","ABM","HOBO"
"07/08/23 03:00:00",19.651,"deg C","20624994","20781","ABM","HOBO"
"07/08/23 04:00:00",19.555,"deg C","20624994","20781","ABM","HOBO"
"07/08/23 05:00:00",19.46,"deg C","20624994","20781","ABM","HOBO"
"07/08/23 06:00:00",19.389,"deg C","20624994","20781","ABM","HOBO"
"07/08/23 07:00:00",19.341,"deg C","20624994","20781","ABM","HOBO"
"07/08/23 08:00:00",19.294,"deg C","20624994","20781","ABM","HOBO"
"07/08/23 09:00:00",19.318,"deg C","20624994","20781","ABM","HOBO"
"07/08/23 10:00:00",19.436,"deg C","20624994","20781","ABM","HOBO"
"07/08/23 11:00:00",19.532,"deg C","20624994","20781","ABM","HOBO"
"07/08/23 12:00:00",19.674,"deg C","20624994","20781","ABM","HOBO"
"07/08/23 13:00:00",19.888,"deg C","20624994","20781","ABM","HOBO"
"07/08/23 14:00:00",19.984,"deg C","20624994","20781","ABM","HOBO"
"07/08/23 15:00:00",20.007,"deg C","20624994","20781","ABM","HOBO"
"07/08/23 16:00:00",20.031,"deg C","20624994","20781","ABM","HOBO"
"07/08/23 17:00:00",20.079,"deg C","20624994","20781","ABM","HOBO"
"07/08/23 18:00:00",20.126,"deg C","20624994","20781","ABM","HOBO"
"07/08/23 19:00:00",20.126,"deg C","20624994","20781","ABM","HOBO"
"07/08/23 20:00:00",20.079,"deg C","20624994","20781","ABM","HOBO"
"07/08/23 21:00:00",20.007,"deg C","20624994","20781","ABM","HOBO"
"07/08/23 22:00:00",19.912,"deg C","20624994","20781","ABM","HOBO"
"07/08/23 23:00:00",19.865,"deg C","20624994","20781","ABM","HOBO"
"07/09/23 00:00:00",19.77,"deg C","20624994","20781","ABM","HOBO"
"07/09/23 01:00:00",19.722,"deg C","20624994","20781","ABM","HOBO"
"07/09/23 02:00:00",19.651,"deg C","20624994","20781","ABM","HOBO"
"07/09/23 03:00:00",19.603,"deg C","20624994","20781","ABM","HOBO"
"07/09/23 04:00:00",19.508,"deg C","20624994","20781","ABM","HOBO"
"07/09/23 05:00:00",19.436,"deg C","20624994","20781","ABM","HOBO"
"07/09/23 06:00:00",19.341,"deg C","20624994","20781","ABM","HOBO"
"07/09/23 07:00:00",19.246,"deg C","20624994","20781","ABM","HOBO"
"07/09/23 08:00:00",19.175,"deg C","20624994","20781","ABM","HOBO"
"07/09/23 09:00:00",19.127,"deg C","20624994","20781","ABM","HOBO"
"07/09/23 10:00:00",19.08,"deg C","20624994","20781","ABM","HOBO"
"07/09/23 11:00:00",19.08,"deg C","20624994","20781","ABM","HOBO"
"07/09/23 12:00:00",19.103,"deg C","20624994","20781","ABM","HOBO"
"07/09/23 13:00:00",19.127,"deg C","20624994","20781","ABM","HOBO"
"07/09/23 14:00:00",19.151,"deg C","20624994","20781","ABM","HOBO"
"07/09/23 15:00:00",19.199,"deg C","20624994","20781","ABM","HOBO"
"07/09/23 16:00:00",19.199,"deg C","20624994","20781","ABM","HOBO"
"07/09/23 17:00:00",19.175,"deg C","20624994","20781","ABM","HOBO"
"07/09/23 18:00:00",19.151,"deg C","20624994","20781","ABM","HOBO"
"07/09/23 19:00:00",19.103,"deg C","20624994","20781","ABM","HOBO"
"07/09/23 20:00:00",19.08,"deg C","20624994","20781","ABM","HOBO"
"07/09/23 21:00:00",19.056,"deg C","20624994","20781","ABM","HOBO"
"07/09/23 22:00:00",19.008,"deg C","20624994","20781","ABM","HOBO"
"07/09/23 23:00:00",19.008,"deg C","20624994","20781","ABM","HOBO"
"07/10/23 00:00:00",18.937,"deg C","20624994","20781","ABM","HOBO"
"07/10/23 01:00:00",18.913,"deg C","20624994","20781","ABM","HOBO"
"07/10/23 02:00:00",18.913,"deg C","20624994","20781","ABM","HOBO"
"07/10/23 03:00:00",18.913,"deg C","20624994","20781","ABM","HOBO"
"07/10/23 04:00:00",18.937,"deg C","20624994","20781","ABM","HOBO"
"07/10/23 05:00:00",19.008,"deg C","20624994","20781","ABM","HOBO"
"07/10/23 06:00:00",19.603,"deg C","20624994","20781","ABM","HOBO"
"07/10/23 07:00:00",19.793,"deg C","20624994","20781","ABM","HOBO"
"07/10/23 08:00:00",19.841,"deg C","20624994","20781","ABM","HOBO"
"07/10/23 09:00:00",19.841,"deg C","20624994","20781","ABM","HOBO"
"07/10/23 10:00:00",19.96,"deg C","20624994","20781","ABM","HOBO"
"07/10/23 11:00:00",20.15,"deg C","20624994","20781","ABM","HOBO"
"07/10/23 12:00:00",20.341,"deg C","20624994","20781","ABM","HOBO"
"07/10/23 13:00:00",20.484,"deg C","20624994","20781","ABM","HOBO"
"07/10/23 14:00:00",20.579,"deg C","20624994","20781","ABM","HOBO"
"07/10/23 15:00:00",20.555,"deg C","20624994","20781","ABM","HOBO"
"07/10/23 16:00:00",20.698,"deg C","20624994","20781","ABM","HOBO"
"07/10/23 17:00:00",20.65,"deg C","20624994","20781","ABM","HOBO"
"07/10/23 18:00:00",20.627,"deg C","20624994","20781","ABM","HOBO"
"07/10/23 19:00:00",20.507,"deg C","20624994","20781","ABM","HOBO"
"07/10/23 20:00:00",20.269,"deg C","20624994","20781","ABM","HOBO"
"07/10/23 21:00:00",20.007,"deg C","20624994","20781","ABM","HOBO"
"07/10/23 22:00:00",19.746,"deg C","20624994","20781","ABM","HOBO"
"07/10/23 23:00:00",19.532,"deg C","20624994","20781","ABM","HOBO"
"07/11/23 00:00:00",19.341,"deg C","20624994","20781","ABM","HOBO"
"07/11/23 01:00:00",19.151,"deg C","20624994","20781","ABM","HOBO"
"07/11/23 02:00:00",18.961,"deg C","20624994","20781","ABM","HOBO"
"07/11/23 03:00:00",18.771,"deg C","20624994","20781","ABM","HOBO"
"07/11/23 04:00:00",18.58,"deg C","20624994","20781","ABM","HOBO"
"07/11/23 05:00:00",18.461,"deg C","20624994","20781","ABM","HOBO"
"07/11/23 06:00:00",18.343,"deg C","20624994","20781","ABM","HOBO"
"07/11/23 07:00:00",18.271,"deg C","20624994","20781","ABM","HOBO"
"07/11/23 08:00:00",18.343,"deg C","20624994","20781","ABM","HOBO"
"07/11/23 09:00:00",18.557,"deg C","20624994","20781","ABM","HOBO"
"07/11/23 10:00:00",18.866,"deg C","20624994","20781","ABM","HOBO"
"07/11/23 11:00:00",19.294,"deg C","20624994","20781","ABM","HOBO"
"07/11/23 12:00:00",19.817,"deg C","20624994","20781","ABM","HOBO"
"07/11/23 13:00:00",19.96,"deg C","20624994","20781","ABM","HOBO"
"07/11/23 14:00:00",20.222,"deg C","20624994","20781","ABM","HOBO"
"07/11/23 15:00:00",20.293,"deg C","20624994","20781","ABM","HOBO"
"07/11/23 16:00:00",20.246,"deg C","20624994","20781","ABM","HOBO"
"07/11/23 17:00:00",20.15,"deg C","20624994","20781","ABM","HOBO"
"07/11/23 18:00:00",20.103,"deg C","20624994","20781","ABM","HOBO"
"07/11/23 19:00:00",20.031,"deg C","20624994","20781","ABM","HOBO"
"07/11/23 20:00:00",19.936,"deg C","20624994","20781","ABM","HOBO"
"07/11/23 21:00:00",19.817,"deg C","20624994","20781","ABM","HOBO"
"07/11/23 22:00:00",19.674,"deg C","20624994","20781","ABM","HOBO"
"07/11/23 23:00:00",19.508,"deg C","20624994","20781","ABM","HOBO"
"07/12/23 00:00:00",19.389,"deg C","20624994","20781","ABM","HOBO"
"07/12/23 01:00:00",19.27,"deg C","20624994","20781","ABM","HOBO"
"07/12/23 02:00:00",19.151,"deg C","20624994","20781","ABM","HOBO"
"07/12/23 03:00:00",19.056,"deg C","20624994","20781","ABM","HOBO"
"07/12/23 04:00:00",19.032,"deg C","20624994","20781","ABM","HOBO"
"07/12/23 05:00:00",18.937,"deg C","20624994","20781","ABM","HOBO"
"07/12/23 06:00:00",18.913,"deg C","20624994","20781","ABM","HOBO"
"07/12/23 07:00:00",18.889,"deg C","20624994","20781","ABM","HOBO"
"07/12/23 08:00:00",18.842,"deg C","20624994","20781","ABM","HOBO"
"07/12/23 09:00:00",18.937,"deg C","20624994","20781","ABM","HOBO"
"07/12/23 10:00:00",19.056,"deg C","20624994","20781","ABM","HOBO"
"07/12/23 11:00:00",19.151,"deg C","20624994","20781","ABM","HOBO"
"07/12/23 12:00:00",19.389,"deg C","20624994","20781","ABM","HOBO"
"07/12/23 13:00:00",19.627,"deg C","20624994","20781","ABM","HOBO"
"07/12/23 14:00:00",19.841,"deg C","20624994","20781","ABM","HOBO"
"07/12/23 15:00:00",19.984,"deg C","20624994","20781","ABM","HOBO"
"07/12/23 16:00:00",20.079,"deg C","20624994","20781","ABM","HOBO"
"07/12/23 17:00:00",20.174,"deg C","20624994","20781","ABM","HOBO"
"07/12/23 18:00:00",20.198,"deg C","20624994","20781","ABM","HOBO"
"07/12/23 19:00:00",20.15,"deg C","20624994","20781","ABM","HOBO"
"07/12/23 20:00:00",20.079,"deg C","20624994","20781","ABM","HOBO"
"07/12/23 21:00:00",19.96,"deg C","20624994","20781","ABM","HOBO"
"07/12/23 22:00:00",19.841,"deg C","20624994","20781","ABM","HOBO"
"07/12/23 23:00:00",19.746,"deg C","20624994","20781","ABM","HOBO"
"07/13/23 00:00:00",19.627,"deg C","20624994","20781","ABM","HOBO"
"07/13/23 01:00:00",19.484,"deg C","20624994","20781","ABM","HOBO"
"07/13/23 02:00:00",19.365,"deg C","20624994","20781","ABM","HOBO"
"07/13/23 03:00:00",19.27,"deg C","20624994","20781","ABM","HOBO"
"07/13/23 04:00:00",19.175,"deg C","20624994","20781","ABM","HOBO"
"07/13/23 05:00:00",19.056,"deg C","20624994","20781","ABM","HOBO"
"07/13/23 06:00:00",19.056,"deg C","20624994","20781","ABM","HOBO"
"07/13/23 07:00:00",18.985,"deg C","20624994","20781","ABM","HOBO"
"07/13/23 08:00:00",18.937,"deg C","20624994","20781","ABM","HOBO"
"07/13/23 09:00:00",18.961,"deg C","20624994","20781","ABM","HOBO"
"07/13/23 10:00:00",19.127,"deg C","20624994","20781","ABM","HOBO"
"07/13/23 11:00:00",19.056,"deg C","20624994","20781","ABM","HOBO"
"07/13/23 12:00:00",19.175,"deg C","20624994","20781","ABM","HOBO"
"07/13/23 13:00:00",19.389,"deg C","20624994","20781","ABM","HOBO"
"07/13/23 14:00:00",19.532,"deg C","20624994","20781","ABM","HOBO"
"07/13/23 15:00:00",19.603,"deg C","20624994","20781","ABM","HOBO"
"07/13/23 16:00:00",19.698,"deg C","20624994","20781","ABM","HOBO"
"07/13/23 17:00:00",19.77,"deg C","20624994","20781","ABM","HOBO"
"07/13/23 18:00:00",19.722,"deg C","20624994","20781","ABM","HOBO"
"07/13/23 19:00:00",19.651,"deg C","20624994","20781","ABM","HOBO"
"07/13/23 20:00:00",19.579,"deg C","20624994","20781","ABM","HOBO"
"07/13/23 21:00:00",19.532,"deg C","20624994","20781","ABM","HOBO"
"07/13/23 22:00:00",19.46,"deg C","20624994","20781","ABM","HOBO"
"07/13/23 23:00:00",19.389,"deg C","20624994","20781","ABM","HOBO"
"07/14/23 00:00:00",19.651,"deg C","20624994","20781","ABM","HOBO"
"07/14/23 01:00:00",20.15,"deg C","20624994","20781","ABM","HOBO"
"07/14/23 02:00:00",20.031,"deg C","20624994","20781","ABM","HOBO"
"07/14/23 03:00:00",19.817,"deg C","20624994","20781","ABM","HOBO"
"07/14/23 04:00:00",19.674,"deg C","20624994","20781","ABM","HOBO"
"07/14/23 05:00:00",19.579,"deg C","20624994","20781","ABM","HOBO"
"07/14/23 06:00:00",19.46,"deg C","20624994","20781","ABM","HOBO"
"07/14/23 07:00:00",19.389,"deg C","20624994","20781","ABM","HOBO"
"07/14/23 08:00:00",19.389,"deg C","20624994","20781","ABM","HOBO"
"07/14/23 09:00:00",19.389,"deg C","20624994","20781","ABM","HOBO"
"07/14/23 10:00:00",19.341,"deg C","20624994","20781","ABM","HOBO"
"07/14/23 11:00:00",19.294,"deg C","20624994","20781","ABM","HOBO"
"07/14/23 12:00:00",19.389,"deg C","20624994","20781","ABM","HOBO"
"07/14/23 13:00:00",19.651,"deg C","20624994","20781","ABM","HOBO"
"07/14/23 14:00:00",19.888,"deg C","20624994","20781","ABM","HOBO"
"07/14/23 15:00:00",20.174,"deg C","20624994","20781","ABM","HOBO"
"07/14/23 16:00:00",20.388,"deg C","20624994","20781","ABM","HOBO"
"07/14/23 17:00:00",20.436,"deg C","20624994","20781","ABM","HOBO"
"07/14/23 18:00:00",20.484,"deg C","20624994","20781","ABM","HOBO"
"07/14/23 19:00:00",20.412,"deg C","20624994","20781","ABM","HOBO"
"07/14/23 20:00:00",20.341,"deg C","20624994","20781","ABM","HOBO"
"07/14/23 21:00:00",20.293,"deg C","20624994","20781","ABM","HOBO"
"07/14/23 22:00:00",20.246,"deg C","20624994","20781","ABM","HOBO"
"07/14/23 23:00:00",20.174,"deg C","20624994","20781","ABM","HOBO"
"07/15/23 00:00:00",20.15,"deg C","20624994","20781","ABM","HOBO"
"07/15/23 01:00:00",20.103,"deg C","20624994","20781","ABM","HOBO"
"07/15/23 02:00:00",20.055,"deg C","20624994","20781","ABM","HOBO"
"07/15/23 03:00:00",20.007,"deg C","20624994","20781","ABM","HOBO"
"07/15/23 04:00:00",19.96,"deg C","20624994","20781","ABM","HOBO"
"07/15/23 05:00:00",19.936,"deg C","20624994","20781","ABM","HOBO"
"07/15/23 06:00:00",19.888,"deg C","20624994","20781","ABM","HOBO"
"07/15/23 07:00:00",19.888,"deg C","20624994","20781","ABM","HOBO"
"07/15/23 08:00:00",19.912,"deg C","20624994","20781","ABM","HOBO"
"07/15/23 09:00:00",20.103,"deg C","20624994","20781","ABM","HOBO"
"07/15/23 10:00:00",20.341,"deg C","20624994","20781","ABM","HOBO"
"07/15/23 11:00:00",20.531,"deg C","20624994","20781","ABM","HOBO"
"07/15/23 12:00:00",21.056,"deg C","20624994","20781","ABM","HOBO"
"07/15/23 13:00:00",21.461,"deg C","20624994","20781","ABM","HOBO"
"07/15/23 14:00:00",21.772,"deg C","20624994","20781","ABM","HOBO"
"07/15/23 15:00:00",21.915,"deg C","20624994","20781","ABM","HOBO"
"07/15/23 16:00:00",21.652,"deg C","20624994","20781","ABM","HOBO"
"07/15/23 17:00:00",21.103,"deg C","20624994","20781","ABM","HOBO"
"07/15/23 18:00:00",21.079,"deg C","20624994","20781","ABM","HOBO"
"07/15/23 19:00:00",21.175,"deg C","20624994","20781","ABM","HOBO"
"07/15/23 20:00:00",21.127,"deg C","20624994","20781","ABM","HOBO"
"07/15/23 21:00:00",21.056,"deg C","20624994","20781","ABM","HOBO"
"07/15/23 22:00:00",20.913,"deg C","20624994","20781","ABM","HOBO"
"07/15/23 23:00:00",20.746,"deg C","20624994","20781","ABM","HOBO"
"07/16/23 00:00:00",20.698,"deg C","20624994","20781","ABM","HOBO"
"07/16/23 01:00:00",20.388,"deg C","20624994","20781","ABM","HOBO"
"07/16/23 02:00:00",20.317,"deg C","20624994","20781","ABM","HOBO"
"07/16/23 03:00:00",20.198,"deg C","20624994","20781","ABM","HOBO"
"07/16/23 04:00:00",20.15,"deg C","20624994","20781","ABM","HOBO"
"07/16/23 05:00:00",20.841,"deg C","20624994","20781","ABM","HOBO"
"07/16/23 06:00:00",21.008,"deg C","20624994","20781","ABM","HOBO"
"07/16/23 07:00:00",21.008,"deg C","20624994","20781","ABM","HOBO"
"07/16/23 08:00:00",21.056,"deg C","20624994","20781","ABM","HOBO"
"07/16/23 09:00:00",21.151,"deg C","20624994","20781","ABM","HOBO"
"07/16/23 10:00:00",21.366,"deg C","20624994","20781","ABM","HOBO"
"07/16/23 11:00:00",21.437,"deg C","20624994","20781","ABM","HOBO"
"07/16/23 12:00:00",21.318,"deg C","20624994","20781","ABM","HOBO"
"07/16/23 13:00:00",21.223,"deg C","20624994","20781","ABM","HOBO"
"07/16/23 14:00:00",21.175,"deg C","20624994","20781","ABM","HOBO"
"07/16/23 15:00:00",21.127,"deg C","20624994","20781","ABM","HOBO"
"07/16/23 16:00:00",21.175,"deg C","20624994","20781","ABM","HOBO"
"07/16/23 17:00:00",21.127,"deg C","20624994","20781","ABM","HOBO"
"07/16/23 18:00:00",21.032,"deg C","20624994","20781","ABM","HOBO"
"07/16/23 19:00:00",20.936,"deg C","20624994","20781","ABM","HOBO"
"07/16/23 20:00:00",20.865,"deg C","20624994","20781","ABM","HOBO"
"07/16/23 21:00:00",20.793,"deg C","20624994","20781","ABM","HOBO"
"07/16/23 22:00:00",20.698,"deg C","20624994","20781","ABM","HOBO"
"07/16/23 23:00:00",20.627,"deg C","20624994","20781","ABM","HOBO"
"07/17/23 00:00:00",20.555,"deg C","20624994","20781","ABM","HOBO"
"07/17/23 01:00:00",20.507,"deg C","20624994","20781","ABM","HOBO"
"07/17/23 02:00:00",20.46,"deg C","20624994","20781","ABM","HOBO"
"07/17/23 03:00:00",20.365,"deg C","20624994","20781","ABM","HOBO"
"07/17/23 04:00:00",20.269,"deg C","20624994","20781","ABM","HOBO"
"07/17/23 05:00:00",20.174,"deg C","20624994","20781","ABM","HOBO"
"07/17/23 06:00:00",20.103,"deg C","20624994","20781","ABM","HOBO"
"07/17/23 07:00:00",20.055,"deg C","20624994","20781","ABM","HOBO"
"07/17/23 08:00:00",20.079,"deg C","20624994","20781","ABM","HOBO"
"07/17/23 09:00:00",20.198,"deg C","20624994","20781","ABM","HOBO"
"07/17/23 10:00:00",20.436,"deg C","20624994","20781","ABM","HOBO"
"07/17/23 11:00:00",20.746,"deg C","20624994","20781","ABM","HOBO"
"07/17/23 12:00:00",21.103,"deg C","20624994","20781","ABM","HOBO"
"07/17/23 13:00:00",21.39,"deg C","20624994","20781","ABM","HOBO"
"07/17/23 14:00:00",21.676,"deg C","20624994","20781","ABM","HOBO"
"07/17/23 15:00:00",21.867,"deg C","20624994","20781","ABM","HOBO"
"07/17/23 16:00:00",21.939,"deg C","20624994","20781","ABM","HOBO"
"07/17/23 17:00:00",21.891,"deg C","20624994","20781","ABM","HOBO"
"07/17/23 18:00:00",21.772,"deg C","20624994","20781","ABM","HOBO"
"07/17/23 19:00:00",21.628,"deg C","20624994","20781","ABM","HOBO"
"07/17/23 20:00:00",21.437,"deg C","20624994","20781","ABM","HOBO"
"07/17/23 21:00:00",21.27,"deg C","20624994","20781","ABM","HOBO"
"07/17/23 22:00:00",21.151,"deg C","20624994","20781","ABM","HOBO"
"07/17/23 23:00:00",21.032,"deg C","20624994","20781","ABM","HOBO"
"07/18/23 00:00:00",20.889,"deg C","20624994","20781","ABM","HOBO"
"07/18/23 01:00:00",20.77,"deg C","20624994","20781","ABM","HOBO"
"07/18/23 02:00:00",20.627,"deg C","20624994","20781","ABM","HOBO"
"07/18/23 03:00:00",20.507,"deg C","20624994","20781","ABM","HOBO"
"07/18/23 04:00:00",20.412,"deg C","20624994","20781","ABM","HOBO"
"07/18/23 05:00:00",20.317,"deg C","20624994","20781","ABM","HOBO"
"07/18/23 06:00:00",20.246,"deg C","20624994","20781","ABM","HOBO"
"07/18/23 07:00:00",20.198,"deg C","20624994","20781","ABM","HOBO"
"07/18/23 08:00:00",20.198,"deg C","20624994","20781","ABM","HOBO"
"07/18/23 09:00:00",20.222,"deg C","20624994","20781","ABM","HOBO"
"07/18/23 10:00:00",20.341,"deg C","20624994","20781","ABM","HOBO"
"07/18/23 11:00:00",20.603,"deg C","20624994","20781","ABM","HOBO"
"07/18/23 12:00:00",21.056,"deg C","20624994","20781","ABM","HOBO"
"07/18/23 13:00:00",21.437,"deg C","20624994","20781","ABM","HOBO"
"07/18/23 14:00:00",21.557,"deg C","20624994","20781","ABM","HOBO"
"07/18/23 15:00:00",21.246,"deg C","20624994","20781","ABM","HOBO"
"07/18/23 16:00:00",21.008,"deg C","20624994","20781","ABM","HOBO"
"07/18/23 17:00:00",20.936,"deg C","20624994","20781","ABM","HOBO"
"07/18/23 18:00:00",20.936,"deg C","20624994","20781","ABM","HOBO"
"07/18/23 19:00:00",20.889,"deg C","20624994","20781","ABM","HOBO"
"07/18/23 20:00:00",20.793,"deg C","20624994","20781","ABM","HOBO"
"07/18/23 21:00:00",20.65,"deg C","20624994","20781","ABM","HOBO"
"07/18/23 22:00:00",20.531,"deg C","20624994","20781","ABM","HOBO"
"07/18/23 23:00:00",20.412,"deg C","20624994","20781","ABM","HOBO"
"07/19/23 00:00:00",20.317,"deg C","20624994","20781","ABM","HOBO"
"07/19/23 01:00:00",20.222,"deg C","20624994","20781","ABM","HOBO"
"07/19/23 02:00:00",20.079,"deg C","20624994","20781","ABM","HOBO"
"07/19/23 03:00:00",19.912,"deg C","20624994","20781","ABM","HOBO"
"07/19/23 04:00:00",19.793,"deg C","20624994","20781","ABM","HOBO"
"07/19/23 05:00:00",19.698,"deg C","20624994","20781","ABM","HOBO"
"07/19/23 06:00:00",19.532,"deg C","20624994","20781","ABM","HOBO"
"07/19/23 07:00:00",19.413,"deg C","20624994","20781","ABM","HOBO"
"07/19/23 08:00:00",19.389,"deg C","20624994","20781","ABM","HOBO"
"07/19/23 09:00:00",19.436,"deg C","20624994","20781","ABM","HOBO"
"07/19/23 10:00:00",19.532,"deg C","20624994","20781","ABM","HOBO"
"07/19/23 11:00:00",19.722,"deg C","20624994","20781","ABM","HOBO"
"07/19/23 12:00:00",19.96,"deg C","20624994","20781","ABM","HOBO"
"07/19/23 13:00:00",20.341,"deg C","20624994","20781","ABM","HOBO"
"07/19/23 14:00:00",20.722,"deg C","20624994","20781","ABM","HOBO"
"07/19/23 15:00:00",21.008,"deg C","20624994","20781","ABM","HOBO"
"07/19/23 16:00:00",21.079,"deg C","20624994","20781","ABM","HOBO"
"07/19/23 17:00:00",21.103,"deg C","20624994","20781","ABM","HOBO"
"07/19/23 18:00:00",20.984,"deg C","20624994","20781","ABM","HOBO"
"07/19/23 19:00:00",20.793,"deg C","20624994","20781","ABM","HOBO"
"07/19/23 20:00:00",20.507,"deg C","20624994","20781","ABM","HOBO"
"07/19/23 21:00:00",20.246,"deg C","20624994","20781","ABM","HOBO"
"07/19/23 22:00:00",20.031,"deg C","20624994","20781","ABM","HOBO"
"07/19/23 23:00:00",19.817,"deg C","20624994","20781","ABM","HOBO"
"07/20/23 00:00:00",19.579,"deg C","20624994","20781","ABM","HOBO"
"07/20/23 01:00:00",19.436,"deg C","20624994","20781","ABM","HOBO"
"07/20/23 02:00:00",19.246,"deg C","20624994","20781","ABM","HOBO"
"07/20/23 03:00:00",19.008,"deg C","20624994","20781","ABM","HOBO"
"07/20/23 04:00:00",18.818,"deg C","20624994","20781","ABM","HOBO"
"07/20/23 05:00:00",18.628,"deg C","20624994","20781","ABM","HOBO"
"07/20/23 06:00:00",18.461,"deg C","20624994","20781","ABM","HOBO"
"07/20/23 07:00:00",18.461,"deg C","20624994","20781","ABM","HOBO"
"07/20/23 08:00:00",18.485,"deg C","20624994","20781","ABM","HOBO"
"07/20/23 09:00:00",18.699,"deg C","20624994","20781","ABM","HOBO"
"07/20/23 10:00:00",18.985,"deg C","20624994","20781","ABM","HOBO"
"07/20/23 11:00:00",19.341,"deg C","20624994","20781","ABM","HOBO"
"07/20/23 12:00:00",19.817,"deg C","20624994","20781","ABM","HOBO"
"07/20/23 13:00:00",20.198,"deg C","20624994","20781","ABM","HOBO"
"07/20/23 14:00:00",20.484,"deg C","20624994","20781","ABM","HOBO"
"07/20/23 15:00:00",20.603,"deg C","20624994","20781","ABM","HOBO"
"07/20/23 16:00:00",20.746,"deg C","20624994","20781","ABM","HOBO"
"07/20/23 17:00:00",20.841,"deg C","20624994","20781","ABM","HOBO"
"07/20/23 18:00:00",20.793,"deg C","20624994","20781","ABM","HOBO"
"07/20/23 19:00:00",20.627,"deg C","20624994","20781","ABM","HOBO"
"07/20/23 20:00:00",20.436,"deg C","20624994","20781","ABM","HOBO"
"07/20/23 21:00:00",20.246,"deg C","20624994","20781","ABM","HOBO"
"07/20/23 22:00:00",20.031,"deg C","20624994","20781","ABM","HOBO"
"07/20/23 23:00:00",19.793,"deg C","20624994","20781","ABM","HOBO"
"07/21/23 00:00:00",19.579,"deg C","20624994","20781","ABM","HOBO"
"07/21/23 01:00:00",19.389,"deg C","20624994","20781","ABM","HOBO"
"07/21/23 02:00:00",19.222,"deg C","20624994","20781","ABM","HOBO"
"07/21/23 03:00:00",19.032,"deg C","20624994","20781","ABM","HOBO"
"07/21/23 04:00:00",18.913,"deg C","20624994","20781","ABM","HOBO"
"07/21/23 05:00:00",18.889,"deg C","20624994","20781","ABM","HOBO"
"07/21/23 06:00:00",18.889,"deg C","20624994","20781","ABM","HOBO"
"07/21/23 07:00:00",18.889,"deg C","20624994","20781","ABM","HOBO"
"07/21/23 08:00:00",18.913,"deg C","20624994","20781","ABM","HOBO"
"07/21/23 09:00:00",18.937,"deg C","20624994","20781","ABM","HOBO"
"07/21/23 10:00:00",18.985,"deg C","20624994","20781","ABM","HOBO"
"07/21/23 11:00:00",19.127,"deg C","20624994","20781","ABM","HOBO"
"07/21/23 12:00:00",19.341,"deg C","20624994","20781","ABM","HOBO"
"07/21/23 13:00:00",19.746,"deg C","20624994","20781","ABM","HOBO"
"07/21/23 14:00:00",20.007,"deg C","20624994","20781","ABM","HOBO"
"07/21/23 15:00:00",20.293,"deg C","20624994","20781","ABM","HOBO"
"07/21/23 16:00:00",20.65,"deg C","20624994","20781","ABM","HOBO"
"07/21/23 17:00:00",20.436,"deg C","20624994","20781","ABM","HOBO"
"07/21/23 18:00:00",20.317,"deg C","20624994","20781","ABM","HOBO"
"07/21/23 19:00:00",20.174,"deg C","20624994","20781","ABM","HOBO"
"07/21/23 20:00:00",20.031,"deg C","20624994","20781","ABM","HOBO"
"07/21/23 21:00:00",19.912,"deg C","20624994","20781","ABM","HOBO"
"07/21/23 22:00:00",19.746,"deg C","20624994","20781","ABM","HOBO"
"07/21/23 23:00:00",19.532,"deg C","20624994","20781","ABM","HOBO"
"07/22/23 00:00:00",19.294,"deg C","20624994","20781","ABM","HOBO"
"07/22/23 01:00:00",19.08,"deg C","20624994","20781","ABM","HOBO"
"07/22/23 02:00:00",18.889,"deg C","20624994","20781","ABM","HOBO"
"07/22/23 03:00:00",18.675,"deg C","20624994","20781","ABM","HOBO"
"07/22/23 04:00:00",18.485,"deg C","20624994","20781","ABM","HOBO"
"07/22/23 05:00:00",18.319,"deg C","20624994","20781","ABM","HOBO"
"07/22/23 06:00:00",18.176,"deg C","20624994","20781","ABM","HOBO"
"07/22/23 07:00:00",18.081,"deg C","20624994","20781","ABM","HOBO"
"07/22/23 08:00:00",18.105,"deg C","20624994","20781","ABM","HOBO"
"07/22/23 09:00:00",18.247,"deg C","20624994","20781","ABM","HOBO"
"07/22/23 10:00:00",18.485,"deg C","20624994","20781","ABM","HOBO"
"07/22/23 11:00:00",18.866,"deg C","20624994","20781","ABM","HOBO"
"07/22/23 12:00:00",19.27,"deg C","20624994","20781","ABM","HOBO"
"07/22/23 13:00:00",19.627,"deg C","20624994","20781","ABM","HOBO"
"07/22/23 14:00:00",19.888,"deg C","20624994","20781","ABM","HOBO"
"07/22/23 15:00:00",20.15,"deg C","20624994","20781","ABM","HOBO"
"07/22/23 16:00:00",20.269,"deg C","20624994","20781","ABM","HOBO"
"07/22/23 17:00:00",20.293,"deg C","20624994","20781","ABM","HOBO"
"07/22/23 18:00:00",20.198,"deg C","20624994","20781","ABM","HOBO"
"07/22/23 19:00:00",20.031,"deg C","20624994","20781","ABM","HOBO"
"07/22/23 20:00:00",19.793,"deg C","20624994","20781","ABM","HOBO"
"07/22/23 21:00:00",19.484,"deg C","20624994","20781","ABM","HOBO"
"07/22/23 22:00:00",19.151,"deg C","20624994","20781","ABM","HOBO"
"07/22/23 23:00:00",18.842,"deg C","20624994","20781","ABM","HOBO"
"07/23/23 00:00:00",18.604,"deg C","20624994","20781","ABM","HOBO"
"07/23/23 01:00:00",18.39,"deg C","20624994","20781","ABM","HOBO"
"07/23/23 02:00:00",18.247,"deg C","20624994","20781","ABM","HOBO"
"07/23/23 03:00:00",18.105,"deg C","20624994","20781","ABM","HOBO"
"07/23/23 04:00:00",17.867,"deg C","20624994","20781","ABM","HOBO"
"07/23/23 05:00:00",17.605,"deg C","20624994","20781","ABM","HOBO"
"07/23/23 06:00:00",17.368,"deg C","20624994","20781","ABM","HOBO"
"07/23/23 07:00:00",17.249,"deg C","20624994","20781","ABM","HOBO"
"07/23/23 08:00:00",17.344,"deg C","20624994","20781","ABM","HOBO"
"07/23/23 09:00:00",17.677,"deg C","20624994","20781","ABM","HOBO"
"07/23/23 10:00:00",18.081,"deg C","20624994","20781","ABM","HOBO"
"07/23/23 11:00:00",18.58,"deg C","20624994","20781","ABM","HOBO"
"07/23/23 12:00:00",19.032,"deg C","20624994","20781","ABM","HOBO"
"07/23/23 13:00:00",19.508,"deg C","20624994","20781","ABM","HOBO"
"07/23/23 14:00:00",19.698,"deg C","20624994","20781","ABM","HOBO"
"07/23/23 15:00:00",20.007,"deg C","20624994","20781","ABM","HOBO"
"07/23/23 16:00:00",20.198,"deg C","20624994","20781","ABM","HOBO"
"07/23/23 17:00:00",20.222,"deg C","20624994","20781","ABM","HOBO"
"07/23/23 18:00:00",20.15,"deg C","20624994","20781","ABM","HOBO"
"07/23/23 19:00:00",19.984,"deg C","20624994","20781","ABM","HOBO"
"07/23/23 20:00:00",19.698,"deg C","20624994","20781","ABM","HOBO"
"07/23/23 21:00:00",19.46,"deg C","20624994","20781","ABM","HOBO"
"07/23/23 22:00:00",19.27,"deg C","20624994","20781","ABM","HOBO"
"07/23/23 23:00:00",19.08,"deg C","20624994","20781","ABM","HOBO"
"07/24/23 00:00:00",18.889,"deg C","20624994","20781","ABM","HOBO"
"07/24/23 01:00:00",18.818,"deg C","20624994","20781","ABM","HOBO"
"07/24/23 02:00:00",18.747,"deg C","20624994","20781","ABM","HOBO"
"07/24/23 03:00:00",18.628,"deg C","20624994","20781","ABM","HOBO"
"07/24/23 04:00:00",18.533,"deg C","20624994","20781","ABM","HOBO"
"07/24/23 05:00:00",18.438,"deg C","20624994","20781","ABM","HOBO"
"07/24/23 06:00:00",18.343,"deg C","20624994","20781","ABM","HOBO"
"07/24/23 07:00:00",18.39,"deg C","20624994","20781","ABM","HOBO"
"07/24/23 08:00:00",18.461,"deg C","20624994","20781","ABM","HOBO"
"07/24/23 09:00:00",18.652,"deg C","20624994","20781","ABM","HOBO"
"07/24/23 10:00:00",18.818,"deg C","20624994","20781","ABM","HOBO"
"07/24/23 11:00:00",19.175,"deg C","20624994","20781","ABM","HOBO"
"07/24/23 12:00:00",19.674,"deg C","20624994","20781","ABM","HOBO"
"07/24/23 13:00:00",20.103,"deg C","20624994","20781","ABM","HOBO"
"07/24/23 14:00:00",20.341,"deg C","20624994","20781","ABM","HOBO"
"07/24/23 15:00:00",20.388,"deg C","20624994","20781","ABM","HOBO"
"07/24/23 16:00:00",20.436,"deg C","20624994","20781","ABM","HOBO"
"07/24/23 17:00:00",20.365,"deg C","20624994","20781","ABM","HOBO"
"07/24/23 18:00:00",20.222,"deg C","20624994","20781","ABM","HOBO"
"07/24/23 19:00:00",20.126,"deg C","20624994","20781","ABM","HOBO"
"07/24/23 20:00:00",19.984,"deg C","20624994","20781","ABM","HOBO"
"07/24/23 21:00:00",19.841,"deg C","20624994","20781","ABM","HOBO"
"07/24/23 22:00:00",19.674,"deg C","20624994","20781","ABM","HOBO"
"07/24/23 23:00:00",19.484,"deg C","20624994","20781","ABM","HOBO"
"07/25/23 00:00:00",19.318,"deg C","20624994","20781","ABM","HOBO"
"07/25/23 01:00:00",19.151,"deg C","20624994","20781","ABM","HOBO"
"07/25/23 02:00:00",19.008,"deg C","20624994","20781","ABM","HOBO"
"07/25/23 03:00:00",19.008,"deg C","20624994","20781","ABM","HOBO"
"07/25/23 04:00:00",19.008,"deg C","20624994","20781","ABM","HOBO"
"07/25/23 05:00:00",19.008,"deg C","20624994","20781","ABM","HOBO"
"07/25/23 06:00:00",18.985,"deg C","20624994","20781","ABM","HOBO"
"07/25/23 07:00:00",18.961,"deg C","20624994","20781","ABM","HOBO"
"07/25/23 08:00:00",19.032,"deg C","20624994","20781","ABM","HOBO"
"07/25/23 09:00:00",19.222,"deg C","20624994","20781","ABM","HOBO"
"07/25/23 10:00:00",19.603,"deg C","20624994","20781","ABM","HOBO"
"07/25/23 11:00:00",20.031,"deg C","20624994","20781","ABM","HOBO"
"07/25/23 12:00:00",20.198,"deg C","20624994","20781","ABM","HOBO"
"07/25/23 13:00:00",20.579,"deg C","20624994","20781","ABM","HOBO"
"07/25/23 14:00:00",20.722,"deg C","20624994","20781","ABM","HOBO"
"07/25/23 15:00:00",20.77,"deg C","20624994","20781","ABM","HOBO"
"07/25/23 16:00:00",20.603,"deg C","20624994","20781","ABM","HOBO"
"07/25/23 17:00:00",20.341,"deg C","20624994","20781","ABM","HOBO"
"07/25/23 18:00:00",20.317,"deg C","20624994","20781","ABM","HOBO"
"07/25/23 19:00:00",20.15,"deg C","20624994","20781","ABM","HOBO"
"07/25/23 20:00:00",19.96,"deg C","20624994","20781","ABM","HOBO"
"07/25/23 21:00:00",19.674,"deg C","20624994","20781","ABM","HOBO"
"07/25/23 22:00:00",19.46,"deg C","20624994","20781","ABM","HOBO"
"07/25/23 23:00:00",19.294,"deg C","20624994","20781","ABM","HOBO"
"07/26/23 00:00:00",19.103,"deg C","20624994","20781","ABM","HOBO"
"07/26/23 01:00:00",18.961,"deg C","20624994","20781","ABM","HOBO"
"07/26/23 02:00:00",18.818,"deg C","20624994","20781","ABM","HOBO"
"07/26/23 03:00:00",18.652,"deg C","20624994","20781","ABM","HOBO"
"07/26/23 04:00:00",18.485,"deg C","20624994","20781","ABM","HOBO"
"07/26/23 05:00:00",18.343,"deg C","20624994","20781","ABM","HOBO"
"07/26/23 06:00:00",18.247,"deg C","20624994","20781","ABM","HOBO"
"07/26/23 07:00:00",18.176,"deg C","20624994","20781","ABM","HOBO"
"07/26/23 08:00:00",18.224,"deg C","20624994","20781","ABM","HOBO"
"07/26/23 09:00:00",18.485,"deg C","20624994","20781","ABM","HOBO"
"07/26/23 10:00:00",18.842,"deg C","20624994","20781","ABM","HOBO"
"07/26/23 11:00:00",19.341,"deg C","20624994","20781","ABM","HOBO"
"07/26/23 12:00:00",19.817,"deg C","20624994","20781","ABM","HOBO"
"07/26/23 13:00:00",20.269,"deg C","20624994","20781","ABM","HOBO"
"07/26/23 14:00:00",20.507,"deg C","20624994","20781","ABM","HOBO"
"07/26/23 15:00:00",20.889,"deg C","20624994","20781","ABM","HOBO"
"07/26/23 16:00:00",21.056,"deg C","20624994","20781","ABM","HOBO"
"07/26/23 17:00:00",21.103,"deg C","20624994","20781","ABM","HOBO"
"07/26/23 18:00:00",21.056,"deg C","20624994","20781","ABM","HOBO"
"07/26/23 19:00:00",20.936,"deg C","20624994","20781","ABM","HOBO"
"07/26/23 20:00:00",20.77,"deg C","20624994","20781","ABM","HOBO"
"07/26/23 21:00:00",20.627,"deg C","20624994","20781","ABM","HOBO"
"07/26/23 22:00:00",20.436,"deg C","20624994","20781","ABM","HOBO"
"07/26/23 23:00:00",20.269,"deg C","20624994","20781","ABM","HOBO"
"07/27/23 00:00:00",20.126,"deg C","20624994","20781","ABM","HOBO"
"07/27/23 01:00:00",19.984,"deg C","20624994","20781","ABM","HOBO"
"07/27/23 02:00:00",19.841,"deg C","20624994","20781","ABM","HOBO"
"07/27/23 03:00:00",19.674,"deg C","20624994","20781","ABM","HOBO"
"07/27/23 04:00:00",19.555,"deg C","20624994","20781","ABM","HOBO"
"07/27/23 05:00:00",19.436,"deg C","20624994","20781","ABM","HOBO"
"07/27/23 06:00:00",19.318,"deg C","20624994","20781","ABM","HOBO"
"07/27/23 07:00:00",19.294,"deg C","20624994","20781","ABM","HOBO"
"07/27/23 08:00:00",19.389,"deg C","20624994","20781","ABM","HOBO"
"07/27/23 09:00:00",19.627,"deg C","20624994","20781","ABM","HOBO"
"07/27/23 10:00:00",19.912,"deg C","20624994","20781","ABM","HOBO"
"07/27/23 11:00:00",20.079,"deg C","20624994","20781","ABM","HOBO"
"07/27/23 12:00:00",20.412,"deg C","20624994","20781","ABM","HOBO"
"07/27/23 13:00:00",21.032,"deg C","20624994","20781","ABM","HOBO"
"07/27/23 14:00:00",21.413,"deg C","20624994","20781","ABM","HOBO"
"07/27/23 15:00:00",21.724,"deg C","20624994","20781","ABM","HOBO"
"07/27/23 16:00:00",21.748,"deg C","20624994","20781","ABM","HOBO"
"07/27/23 17:00:00",21.533,"deg C","20624994","20781","ABM","HOBO"
"07/27/23 18:00:00",21.533,"deg C","20624994","20781","ABM","HOBO"
"07/27/23 19:00:00",21.223,"deg C","20624994","20781","ABM","HOBO"
"07/27/23 20:00:00",20.913,"deg C","20624994","20781","ABM","HOBO"
"07/27/23 21:00:00",20.722,"deg C","20624994","20781","ABM","HOBO"
"07/27/23 22:00:00",20.579,"deg C","20624994","20781","ABM","HOBO"
"07/27/23 23:00:00",20.46,"deg C","20624994","20781","ABM","HOBO"
"07/28/23 00:00:00",20.412,"deg C","20624994","20781","ABM","HOBO"
"07/28/23 01:00:00",20.317,"deg C","20624994","20781","ABM","HOBO"
"07/28/23 02:00:00",20.246,"deg C","20624994","20781","ABM","HOBO"
"07/28/23 03:00:00",20.174,"deg C","20624994","20781","ABM","HOBO"
"07/28/23 04:00:00",20.103,"deg C","20624994","20781","ABM","HOBO"
"07/28/23 05:00:00",20.031,"deg C","20624994","20781","ABM","HOBO"
"07/28/23 06:00:00",19.912,"deg C","20624994","20781","ABM","HOBO"
"07/28/23 07:00:00",19.841,"deg C","20624994","20781","ABM","HOBO"
"07/28/23 08:00:00",19.888,"deg C","20624994","20781","ABM","HOBO"
"07/28/23 09:00:00",20.079,"deg C","20624994","20781","ABM","HOBO"
"07/28/23 10:00:00",20.341,"deg C","20624994","20781","ABM","HOBO"
"07/28/23 11:00:00",20.65,"deg C","20624994","20781","ABM","HOBO"
"07/28/23 12:00:00",20.984,"deg C","20624994","20781","ABM","HOBO"
"07/28/23 13:00:00",21.437,"deg C","20624994","20781","ABM","HOBO"
"07/28/23 14:00:00",21.795,"deg C","20624994","20781","ABM","HOBO"
"07/28/23 15:00:00",22.058,"deg C","20624994","20781","ABM","HOBO"
"07/28/23 16:00:00",22.25,"deg C","20624994","20781","ABM","HOBO"
"07/28/23 17:00:00",22.226,"deg C","20624994","20781","ABM","HOBO"
"07/28/23 18:00:00",22.13,"deg C","20624994","20781","ABM","HOBO"
"07/28/23 19:00:00",22.011,"deg C","20624994","20781","ABM","HOBO"
"07/28/23 20:00:00",21.795,"deg C","20624994","20781","ABM","HOBO"
"07/28/23 21:00:00",21.581,"deg C","20624994","20781","ABM","HOBO"
"07/28/23 22:00:00",21.39,"deg C","20624994","20781","ABM","HOBO"
"07/28/23 23:00:00",21.223,"deg C","20624994","20781","ABM","HOBO"
"07/29/23 00:00:00",21.056,"deg C","20624994","20781","ABM","HOBO"
"07/29/23 01:00:00",20.913,"deg C","20624994","20781","ABM","HOBO"
"07/29/23 02:00:00",20.77,"deg C","20624994","20781","ABM","HOBO"
"07/29/23 03:00:00",20.674,"deg C","20624994","20781","ABM","HOBO"
"07/29/23 04:00:00",20.627,"deg C","20624994","20781","ABM","HOBO"
"07/29/23 05:00:00",20.603,"deg C","20624994","20781","ABM","HOBO"
"07/29/23 06:00:00",20.531,"deg C","20624994","20781","ABM","HOBO"
"07/29/23 07:00:00",20.507,"deg C","20624994","20781","ABM","HOBO"
"07/29/23 08:00:00",20.507,"deg C","20624994","20781","ABM","HOBO"
"07/29/23 09:00:00",20.674,"deg C","20624994","20781","ABM","HOBO"
"07/29/23 10:00:00",20.698,"deg C","20624994","20781","ABM","HOBO"
"07/29/23 11:00:00",20.77,"deg C","20624994","20781","ABM","HOBO"
"07/29/23 12:00:00",20.889,"deg C","20624994","20781","ABM","HOBO"
"07/29/23 13:00:00",20.96,"deg C","20624994","20781","ABM","HOBO"
"07/29/23 14:00:00",21.199,"deg C","20624994","20781","ABM","HOBO"
"07/29/23 15:00:00",21.461,"deg C","20624994","20781","ABM","HOBO"
"07/29/23 16:00:00",21.7,"deg C","20624994","20781","ABM","HOBO"
"07/29/23 17:00:00",22.034,"deg C","20624994","20781","ABM","HOBO"
"07/29/23 18:00:00",21.843,"deg C","20624994","20781","ABM","HOBO"
"07/29/23 19:00:00",22.058,"deg C","20624994","20781","ABM","HOBO"
"07/29/23 20:00:00",21.772,"deg C","20624994","20781","ABM","HOBO"
"07/29/23 21:00:00",21.246,"deg C","20624994","20781","ABM","HOBO"
"07/29/23 22:00:00",20.817,"deg C","20624994","20781","ABM","HOBO"
"07/29/23 23:00:00",20.531,"deg C","20624994","20781","ABM","HOBO"
"07/30/23 00:00:00",20.269,"deg C","20624994","20781","ABM","HOBO"
"07/30/23 01:00:00",20.007,"deg C","20624994","20781","ABM","HOBO"
"07/30/23 02:00:00",19.651,"deg C","20624994","20781","ABM","HOBO"
"07/30/23 03:00:00",19.294,"deg C","20624994","20781","ABM","HOBO"
"07/30/23 04:00:00",18.961,"deg C","20624994","20781","ABM","HOBO"
"07/30/23 05:00:00",18.58,"deg C","20624994","20781","ABM","HOBO"
"07/30/23 06:00:00",18.247,"deg C","20624994","20781","ABM","HOBO"
"07/30/23 07:00:00",18.033,"deg C","20624994","20781","ABM","HOBO"
"07/30/23 08:00:00",17.938,"deg C","20624994","20781","ABM","HOBO"
"07/30/23 09:00:00",18.057,"deg C","20624994","20781","ABM","HOBO"
"07/30/23 10:00:00",18.224,"deg C","20624994","20781","ABM","HOBO"
"07/30/23 11:00:00",18.509,"deg C","20624994","20781","ABM","HOBO"
"07/30/23 12:00:00",18.747,"deg C","20624994","20781","ABM","HOBO"
"07/30/23 13:00:00",18.961,"deg C","20624994","20781","ABM","HOBO"
"07/30/23 14:00:00",19.246,"deg C","20624994","20781","ABM","HOBO"
"07/30/23 15:00:00",19.389,"deg C","20624994","20781","ABM","HOBO"
"07/30/23 16:00:00",19.484,"deg C","20624994","20781","ABM","HOBO"
"07/30/23 17:00:00",19.484,"deg C","20624994","20781","ABM","HOBO"
"07/30/23 18:00:00",19.436,"deg C","20624994","20781","ABM","HOBO"
"07/30/23 19:00:00",19.294,"deg C","20624994","20781","ABM","HOBO"
"07/30/23 20:00:00",18.937,"deg C","20624994","20781","ABM","HOBO"
"07/30/23 21:00:00",18.628,"deg C","20624994","20781","ABM","HOBO"
"07/30/23 22:00:00",18.271,"deg C","20624994","20781","ABM","HOBO"
"07/30/23 23:00:00",17.962,"deg C","20624994","20781","ABM","HOBO"
"07/31/23 00:00:00",17.701,"deg C","20624994","20781","ABM","HOBO"
"07/31/23 01:00:00",17.439,"deg C","20624994","20781","ABM","HOBO"
"07/31/23 02:00:00",17.296,"deg C","20624994","20781","ABM","HOBO"
"07/31/23 03:00:00",17.153,"deg C","20624994","20781","ABM","HOBO"
"07/31/23 04:00:00",17.034,"deg C","20624994","20781","ABM","HOBO"
"07/31/23 05:00:00",16.915,"deg C","20624994","20781","ABM","HOBO"
"07/31/23 06:00:00",16.773,"deg C","20624994","20781","ABM","HOBO"
"07/31/23 07:00:00",16.677,"deg C","20624994","20781","ABM","HOBO"
"07/31/23 08:00:00",16.796,"deg C","20624994","20781","ABM","HOBO"
"07/31/23 09:00:00",17.13,"deg C","20624994","20781","ABM","HOBO"
"07/31/23 10:00:00",17.463,"deg C","20624994","20781","ABM","HOBO"
"07/31/23 11:00:00",17.938,"deg C","20624994","20781","ABM","HOBO"
"07/31/23 12:00:00",18.319,"deg C","20624994","20781","ABM","HOBO"
"07/31/23 13:00:00",18.723,"deg C","20624994","20781","ABM","HOBO"
"07/31/23 14:00:00",18.937,"deg C","20624994","20781","ABM","HOBO"
"07/31/23 15:00:00",19.103,"deg C","20624994","20781","ABM","HOBO"
"07/31/23 16:00:00",19.222,"deg C","20624994","20781","ABM","HOBO"
"07/31/23 17:00:00",19.151,"deg C","20624994","20781","ABM","HOBO"
"07/31/23 18:00:00",18.961,"deg C","20624994","20781","ABM","HOBO"
"07/31/23 19:00:00",18.818,"deg C","20624994","20781","ABM","HOBO"
"07/31/23 20:00:00",18.699,"deg C","20624994","20781","ABM","HOBO"
"07/31/23 21:00:00",18.557,"deg C","20624994","20781","ABM","HOBO"
"07/31/23 22:00:00",18.39,"deg C","20624994","20781","ABM","HOBO"
"07/31/23 23:00:00",18.224,"deg C","20624994","20781","ABM","HOBO"
"08/01/23 00:00:00",18.033,"deg C","20624994","20781","ABM","HOBO"
"08/01/23 01:00:00",17.867,"deg C","20624994","20781","ABM","HOBO"
"08/01/23 02:00:00",17.701,"deg C","20624994","20781","ABM","HOBO"
"08/01/23 03:00:00",17.486,"deg C","20624994","20781","ABM","HOBO"
"08/01/23 04:00:00",17.368,"deg C","20624994","20781","ABM","HOBO"
"08/01/23 05:00:00",17.13,"deg C","20624994","20781","ABM","HOBO"
"08/01/23 06:00:00",16.868,"deg C","20624994","20781","ABM","HOBO"
"08/01/23 07:00:00",16.701,"deg C","20624994","20781","ABM","HOBO"
"08/01/23 08:00:00",16.725,"deg C","20624994","20781","ABM","HOBO"
"08/01/23 09:00:00",16.987,"deg C","20624994","20781","ABM","HOBO"
"08/01/23 10:00:00",17.201,"deg C","20624994","20781","ABM","HOBO"
"08/01/23 11:00:00",17.439,"deg C","20624994","20781","ABM","HOBO"
"08/01/23 12:00:00",17.653,"deg C","20624994","20781","ABM","HOBO"
"08/01/23 13:00:00",17.962,"deg C","20624994","20781","ABM","HOBO"
"08/01/23 14:00:00",18.105,"deg C","20624994","20781","ABM","HOBO"
"08/01/23 15:00:00",18.295,"deg C","20624994","20781","ABM","HOBO"
"08/01/23 16:00:00",18.366,"deg C","20624994","20781","ABM","HOBO"
"08/01/23 17:00:00",18.224,"deg C","20624994","20781","ABM","HOBO"
"08/01/23 18:00:00",18.105,"deg C","20624994","20781","ABM","HOBO"
"08/01/23 19:00:00",18.01,"deg C","20624994","20781","ABM","HOBO"
"08/01/23 20:00:00",17.843,"deg C","20624994","20781","ABM","HOBO"
"08/01/23 21:00:00",17.558,"deg C","20624994","20781","ABM","HOBO"
"08/01/23 22:00:00",17.296,"deg C","20624994","20781","ABM","HOBO"
"08/01/23 23:00:00",17.058,"deg C","20624994","20781","ABM","HOBO"
"08/02/23 00:00:00",16.844,"deg C","20624994","20781","ABM","HOBO"
"08/02/23 01:00:00",16.606,"deg C","20624994","20781","ABM","HOBO"
"08/02/23 02:00:00",16.415,"deg C","20624994","20781","ABM","HOBO"
"08/02/23 03:00:00",16.201,"deg C","20624994","20781","ABM","HOBO"
"08/02/23 04:00:00",15.915,"deg C","20624994","20781","ABM","HOBO"
"08/02/23 05:00:00",15.676,"deg C","20624994","20781","ABM","HOBO"
"08/02/23 06:00:00",15.485,"deg C","20624994","20781","ABM","HOBO"
"08/02/23 07:00:00",15.318,"deg C","20624994","20781","ABM","HOBO"
"08/02/23 08:00:00",15.342,"deg C","20624994","20781","ABM","HOBO"
"08/02/23 09:00:00",15.652,"deg C","20624994","20781","ABM","HOBO"
"08/02/23 10:00:00",16.082,"deg C","20624994","20781","ABM","HOBO"
"08/02/23 11:00:00",16.439,"deg C","20624994","20781","ABM","HOBO"
"08/02/23 12:00:00",16.606,"deg C","20624994","20781","ABM","HOBO"
"08/02/23 13:00:00",16.844,"deg C","20624994","20781","ABM","HOBO"
"08/02/23 14:00:00",16.963,"deg C","20624994","20781","ABM","HOBO"
"08/02/23 15:00:00",17.082,"deg C","20624994","20781","ABM","HOBO"
"08/02/23 16:00:00",17.153,"deg C","20624994","20781","ABM","HOBO"
"08/02/23 17:00:00",17.082,"deg C","20624994","20781","ABM","HOBO"
"08/02/23 18:00:00",17.058,"deg C","20624994","20781","ABM","HOBO"
"08/02/23 19:00:00",17.058,"deg C","20624994","20781","ABM","HOBO"
"08/02/23 20:00:00",16.915,"deg C","20624994","20781","ABM","HOBO"
"08/02/23 21:00:00",16.892,"deg C","20624994","20781","ABM","HOBO"
"08/02/23 22:00:00",16.677,"deg C","20624994","20781","ABM","HOBO"
"08/02/23 23:00:00",16.558,"deg C","20624994","20781","ABM","HOBO"
"08/03/23 00:00:00",16.415,"deg C","20624994","20781","ABM","HOBO"
"08/03/23 01:00:00",16.296,"deg C","20624994","20781","ABM","HOBO"
"08/03/23 02:00:00",16.201,"deg C","20624994","20781","ABM","HOBO"
"08/03/23 03:00:00",16.106,"deg C","20624994","20781","ABM","HOBO"
"08/03/23 04:00:00",16.034,"deg C","20624994","20781","ABM","HOBO"
"08/03/23 05:00:00",15.986,"deg C","20624994","20781","ABM","HOBO"
"08/03/23 06:00:00",15.915,"deg C","20624994","20781","ABM","HOBO"
"08/03/23 07:00:00",15.891,"deg C","20624994","20781","ABM","HOBO"
"08/03/23 08:00:00",15.963,"deg C","20624994","20781","ABM","HOBO"
"08/03/23 09:00:00",16.129,"deg C","20624994","20781","ABM","HOBO"
"08/03/23 10:00:00",16.463,"deg C","20624994","20781","ABM","HOBO"
"08/03/23 11:00:00",16.82,"deg C","20624994","20781","ABM","HOBO"
"08/03/23 12:00:00",17.13,"deg C","20624994","20781","ABM","HOBO"
"08/03/23 13:00:00",17.32,"deg C","20624994","20781","ABM","HOBO"
"08/03/23 14:00:00",17.463,"deg C","20624994","20781","ABM","HOBO"
"08/03/23 15:00:00",17.32,"deg C","20624994","20781","ABM","HOBO"
"08/03/23 16:00:00",17.391,"deg C","20624994","20781","ABM","HOBO"
"08/03/23 17:00:00",17.391,"deg C","20624994","20781","ABM","HOBO"
"08/03/23 18:00:00",17.391,"deg C","20624994","20781","ABM","HOBO"
"08/03/23 19:00:00",17.391,"deg C","20624994","20781","ABM","HOBO"
"08/03/23 20:00:00",17.296,"deg C","20624994","20781","ABM","HOBO"
"08/03/23 21:00:00",17.249,"deg C","20624994","20781","ABM","HOBO"
"08/03/23 22:00:00",17.153,"deg C","20624994","20781","ABM","HOBO"
"08/03/23 23:00:00",17.082,"deg C","20624994","20781","ABM","HOBO"
"08/04/23 00:00:00",16.963,"deg C","20624994","20781","ABM","HOBO"
"08/04/23 01:00:00",16.915,"deg C","20624994","20781","ABM","HOBO"
"08/04/23 02:00:00",16.915,"deg C","20624994","20781","ABM","HOBO"
"08/04/23 03:00:00",16.892,"deg C","20624994","20781","ABM","HOBO"
"08/04/23 04:00:00",16.915,"deg C","20624994","20781","ABM","HOBO"
"08/04/23 05:00:00",16.963,"deg C","20624994","20781","ABM","HOBO"
"08/04/23 06:00:00",17.011,"deg C","20624994","20781","ABM","HOBO"
"08/04/23 07:00:00",17.034,"deg C","20624994","20781","ABM","HOBO"
"08/04/23 08:00:00",17.058,"deg C","20624994","20781","ABM","HOBO"
"08/04/23 09:00:00",17.13,"deg C","20624994","20781","ABM","HOBO"
"08/04/23 10:00:00",17.177,"deg C","20624994","20781","ABM","HOBO"
"08/04/23 11:00:00",17.272,"deg C","20624994","20781","ABM","HOBO"
"08/04/23 12:00:00",17.32,"deg C","20624994","20781","ABM","HOBO"
"08/04/23 13:00:00",17.391,"deg C","20624994","20781","ABM","HOBO"
"08/04/23 14:00:00",17.558,"deg C","20624994","20781","ABM","HOBO"
"08/04/23 15:00:00",17.653,"deg C","20624994","20781","ABM","HOBO"
"08/04/23 16:00:00",17.677,"deg C","20624994","20781","ABM","HOBO"
"08/04/23 17:00:00",17.701,"deg C","20624994","20781","ABM","HOBO"
"08/04/23 18:00:00",17.677,"deg C","20624994","20781","ABM","HOBO"
"08/04/23 19:00:00",17.677,"deg C","20624994","20781","ABM","HOBO"
"08/04/23 20:00:00",17.629,"deg C","20624994","20781","ABM","HOBO"
"08/04/23 21:00:00",17.605,"deg C","20624994","20781","ABM","HOBO"
"08/04/23 22:00:00",17.582,"deg C","20624994","20781","ABM","HOBO"
"08/04/23 23:00:00",17.558,"deg C","20624994","20781","ABM","HOBO"
"08/05/23 00:00:00",17.582,"deg C","20624994","20781","ABM","HOBO"
"08/05/23 01:00:00",17.629,"deg C","20624994","20781","ABM","HOBO"
"08/05/23 02:00:00",17.605,"deg C","20624994","20781","ABM","HOBO"
"08/05/23 03:00:00",17.605,"deg C","20624994","20781","ABM","HOBO"
"08/05/23 04:00:00",17.582,"deg C","20624994","20781","ABM","HOBO"
"08/05/23 05:00:00",17.486,"deg C","20624994","20781","ABM","HOBO"
"08/05/23 06:00:00",17.415,"deg C","20624994","20781","ABM","HOBO"
"08/05/23 07:00:00",17.296,"deg C","20624994","20781","ABM","HOBO"
"08/05/23 08:00:00",17.272,"deg C","20624994","20781","ABM","HOBO"
"08/05/23 09:00:00",17.344,"deg C","20624994","20781","ABM","HOBO"
"08/05/23 10:00:00",17.653,"deg C","20624994","20781","ABM","HOBO"
"08/05/23 11:00:00",17.891,"deg C","20624994","20781","ABM","HOBO"
"08/05/23 12:00:00",18.152,"deg C","20624994","20781","ABM","HOBO"
"08/05/23 13:00:00",18.271,"deg C","20624994","20781","ABM","HOBO"
"08/05/23 14:00:00",18.295,"deg C","20624994","20781","ABM","HOBO"
"08/05/23 15:00:00",18.129,"deg C","20624994","20781","ABM","HOBO"
"08/05/23 16:00:00",18.01,"deg C","20624994","20781","ABM","HOBO"
"08/05/23 17:00:00",17.915,"deg C","20624994","20781","ABM","HOBO"
"08/05/23 18:00:00",17.891,"deg C","20624994","20781","ABM","HOBO"
"08/05/23 19:00:00",17.819,"deg C","20624994","20781","ABM","HOBO"
"08/05/23 20:00:00",17.772,"deg C","20624994","20781","ABM","HOBO"
"08/05/23 21:00:00",17.701,"deg C","20624994","20781","ABM","HOBO"
"08/05/23 22:00:00",17.629,"deg C","20624994","20781","ABM","HOBO"
"08/05/23 23:00:00",17.534,"deg C","20624994","20781","ABM","HOBO"
"08/06/23 00:00:00",17.463,"deg C","20624994","20781","ABM","HOBO"
"08/06/23 01:00:00",17.391,"deg C","20624994","20781","ABM","HOBO"
"08/06/23 02:00:00",17.296,"deg C","20624994","20781","ABM","HOBO"
"08/06/23 03:00:00",17.225,"deg C","20624994","20781","ABM","HOBO"
"08/06/23 04:00:00",17.153,"deg C","20624994","20781","ABM","HOBO"
"08/06/23 05:00:00",17.082,"deg C","20624994","20781","ABM","HOBO"
"08/06/23 06:00:00",16.987,"deg C","20624994","20781","ABM","HOBO"
"08/06/23 07:00:00",16.892,"deg C","20624994","20781","ABM","HOBO"
"08/06/23 08:00:00",16.82,"deg C","20624994","20781","ABM","HOBO"
"08/06/23 09:00:00",16.844,"deg C","20624994","20781","ABM","HOBO"
"08/06/23 10:00:00",16.963,"deg C","20624994","20781","ABM","HOBO"
"08/06/23 11:00:00",17.13,"deg C","20624994","20781","ABM","HOBO"
"08/06/23 12:00:00",17.201,"deg C","20624994","20781","ABM","HOBO"
"08/06/23 13:00:00",17.249,"deg C","20624994","20781","ABM","HOBO"
"08/06/23 14:00:00",17.344,"deg C","20624994","20781","ABM","HOBO"
"08/06/23 15:00:00",17.391,"deg C","20624994","20781","ABM","HOBO"
"08/06/23 16:00:00",17.463,"deg C","20624994","20781","ABM","HOBO"
"08/06/23 17:00:00",17.51,"deg C","20624994","20781","ABM","HOBO"
"08/06/23 18:00:00",17.51,"deg C","20624994","20781","ABM","HOBO"
"08/06/23 19:00:00",17.51,"deg C","20624994","20781","ABM","HOBO"
"08/06/23 20:00:00",17.486,"deg C","20624994","20781","ABM","HOBO"
"08/06/23 21:00:00",17.439,"deg C","20624994","20781","ABM","HOBO"
"08/06/23 22:00:00",17.344,"deg C","20624994","20781","ABM","HOBO"
"08/06/23 23:00:00",17.296,"deg C","20624994","20781","ABM","HOBO"
"08/07/23 00:00:00",17.225,"deg C","20624994","20781","ABM","HOBO"
"08/07/23 01:00:00",17.177,"deg C","20624994","20781","ABM","HOBO"
"08/07/23 02:00:00",17.13,"deg C","20624994","20781","ABM","HOBO"
"08/07/23 03:00:00",17.082,"deg C","20624994","20781","ABM","HOBO"
"08/07/23 04:00:00",17.058,"deg C","20624994","20781","ABM","HOBO"
"08/07/23 05:00:00",16.987,"deg C","20624994","20781","ABM","HOBO"
"08/07/23 06:00:00",16.963,"deg C","20624994","20781","ABM","HOBO"
"08/07/23 07:00:00",16.939,"deg C","20624994","20781","ABM","HOBO"
"08/07/23 08:00:00",16.963,"deg C","20624994","20781","ABM","HOBO"
"08/07/23 09:00:00",17.201,"deg C","20624994","20781","ABM","HOBO"
"08/07/23 10:00:00",17.962,"deg C","20624994","20781","ABM","HOBO"
"08/07/23 11:00:00",18.247,"deg C","20624994","20781","ABM","HOBO"
"08/07/23 12:00:00",18.343,"deg C","20624994","20781","ABM","HOBO"
"08/07/23 13:00:00",18.366,"deg C","20624994","20781","ABM","HOBO"
"08/07/23 14:00:00",18.414,"deg C","20624994","20781","ABM","HOBO"
"08/07/23 15:00:00",18.461,"deg C","20624994","20781","ABM","HOBO"
"08/07/23 16:00:00",18.533,"deg C","20624994","20781","ABM","HOBO"
"08/07/23 17:00:00",18.557,"deg C","20624994","20781","ABM","HOBO"
"08/07/23 18:00:00",18.604,"deg C","20624994","20781","ABM","HOBO"
"08/07/23 19:00:00",18.699,"deg C","20624994","20781","ABM","HOBO"
"08/07/23 20:00:00",18.818,"deg C","20624994","20781","ABM","HOBO"
"08/07/23 21:00:00",18.866,"deg C","20624994","20781","ABM","HOBO"
"08/07/23 22:00:00",18.889,"deg C","20624994","20781","ABM","HOBO"
"08/07/23 23:00:00",18.889,"deg C","20624994","20781","ABM","HOBO"
"08/08/23 00:00:00",18.913,"deg C","20624994","20781","ABM","HOBO"
"08/08/23 01:00:00",18.937,"deg C","20624994","20781","ABM","HOBO"
"08/08/23 02:00:00",18.937,"deg C","20624994","20781","ABM","HOBO"
"08/08/23 03:00:00",18.866,"deg C","20624994","20781","ABM","HOBO"
"08/08/23 04:00:00",18.794,"deg C","20624994","20781","ABM","HOBO"
"08/08/23 05:00:00",18.747,"deg C","20624994","20781","ABM","HOBO"
"08/08/23 06:00:00",18.675,"deg C","20624994","20781","ABM","HOBO"
"08/08/23 07:00:00",18.652,"deg C","20624994","20781","ABM","HOBO"
"08/08/23 08:00:00",18.675,"deg C","20624994","20781","ABM","HOBO"
"08/08/23 09:00:00",18.794,"deg C","20624994","20781","ABM","HOBO"
"08/08/23 10:00:00",19.08,"deg C","20624994","20781","ABM","HOBO"
"08/08/23 11:00:00",19.484,"deg C","20624994","20781","ABM","HOBO"
"08/08/23 12:00:00",19.651,"deg C","20624994","20781","ABM","HOBO"
"08/08/23 13:00:00",19.722,"deg C","20624994","20781","ABM","HOBO"
"08/08/23 14:00:00",19.96,"deg C","20624994","20781","ABM","HOBO"
"08/08/23 15:00:00",20.15,"deg C","20624994","20781","ABM","HOBO"
"08/08/23 16:00:00",20.15,"deg C","20624994","20781","ABM","HOBO"
"08/08/23 17:00:00",20.103,"deg C","20624994","20781","ABM","HOBO"
"08/08/23 18:00:00",19.888,"deg C","20624994","20781","ABM","HOBO"
"08/08/23 19:00:00",19.746,"deg C","20624994","20781","ABM","HOBO"
"08/08/23 20:00:00",19.508,"deg C","20624994","20781","ABM","HOBO"
"08/08/23 21:00:00",19.294,"deg C","20624994","20781","ABM","HOBO"
"08/08/23 22:00:00",19.127,"deg C","20624994","20781","ABM","HOBO"
"08/08/23 23:00:00",18.961,"deg C","20624994","20781","ABM","HOBO"
"08/09/23 00:00:00",18.747,"deg C","20624994","20781","ABM","HOBO"
"08/09/23 01:00:00",18.58,"deg C","20624994","20781","ABM","HOBO"
"08/09/23 02:00:00",18.485,"deg C","20624994","20781","ABM","HOBO"
"08/09/23 03:00:00",18.39,"deg C","20624994","20781","ABM","HOBO"
"08/09/23 04:00:00",18.343,"deg C","20624994","20781","ABM","HOBO"
"08/09/23 05:00:00",18.247,"deg C","20624994","20781","ABM","HOBO"
"08/09/23 06:00:00",18.176,"deg C","20624994","20781","ABM","HOBO"
"08/09/23 07:00:00",18.057,"deg C","20624994","20781","ABM","HOBO"
"08/09/23 08:00:00",18.057,"deg C","20624994","20781","ABM","HOBO"
"08/09/23 09:00:00",18.057,"deg C","20624994","20781","ABM","HOBO"
"08/09/23 10:00:00",18.2,"deg C","20624994","20781","ABM","HOBO"
"08/09/23 11:00:00",18.461,"deg C","20624994","20781","ABM","HOBO"
"08/09/23 12:00:00",18.699,"deg C","20624994","20781","ABM","HOBO"
"08/09/23 13:00:00",19.127,"deg C","20624994","20781","ABM","HOBO"
"08/09/23 14:00:00",19.365,"deg C","20624994","20781","ABM","HOBO"
"08/09/23 15:00:00",19.532,"deg C","20624994","20781","ABM","HOBO"
"08/09/23 16:00:00",19.294,"deg C","20624994","20781","ABM","HOBO"
"08/09/23 17:00:00",19.008,"deg C","20624994","20781","ABM","HOBO"
"08/09/23 18:00:00",18.866,"deg C","20624994","20781","ABM","HOBO"
"08/09/23 19:00:00",18.794,"deg C","20624994","20781","ABM","HOBO"
"08/09/23 20:00:00",18.699,"deg C","20624994","20781","ABM","HOBO"
"08/09/23 21:00:00",18.58,"deg C","20624994","20781","ABM","HOBO"
"08/09/23 22:00:00",18.438,"deg C","20624994","20781","ABM","HOBO"
"08/09/23 23:00:00",18.343,"deg C","20624994","20781","ABM","HOBO"
"08/10/23 00:00:00",18.295,"deg C","20624994","20781","ABM","HOBO"
"08/10/23 01:00:00",18.152,"deg C","20624994","20781","ABM","HOBO"
"08/10/23 02:00:00",18.129,"deg C","20624994","20781","ABM","HOBO"
"08/10/23 03:00:00",18.033,"deg C","20624994","20781","ABM","HOBO"
"08/10/23 04:00:00",17.938,"deg C","20624994","20781","ABM","HOBO"
"08/10/23 05:00:00",17.819,"deg C","20624994","20781","ABM","HOBO"
"08/10/23 06:00:00",17.772,"deg C","20624994","20781","ABM","HOBO"
"08/10/23 07:00:00",17.748,"deg C","20624994","20781","ABM","HOBO"
"08/10/23 08:00:00",17.748,"deg C","20624994","20781","ABM","HOBO"
"08/10/23 09:00:00",17.819,"deg C","20624994","20781","ABM","HOBO"
"08/10/23 10:00:00",17.962,"deg C","20624994","20781","ABM","HOBO"
"08/10/23 11:00:00",18.105,"deg C","20624994","20781","ABM","HOBO"
"08/10/23 12:00:00",18.295,"deg C","20624994","20781","ABM","HOBO"
"08/10/23 13:00:00",18.39,"deg C","20624994","20781","ABM","HOBO"
"08/10/23 14:00:00",18.366,"deg C","20624994","20781","ABM","HOBO"
"08/10/23 15:00:00",18.271,"deg C","20624994","20781","ABM","HOBO"
"08/10/23 16:00:00",18.271,"deg C","20624994","20781","ABM","HOBO"
"08/10/23 17:00:00",19.579,"deg C","20624994","20781","ABM","HOBO"
"08/10/23 18:00:00",19.484,"deg C","20624994","20781","ABM","HOBO"
"08/10/23 19:00:00",19.508,"deg C","20624994","20781","ABM","HOBO"
"08/10/23 20:00:00",19.508,"deg C","20624994","20781","ABM","HOBO"
"08/10/23 21:00:00",19.484,"deg C","20624994","20781","ABM","HOBO"
"08/10/23 22:00:00",19.389,"deg C","20624994","20781","ABM","HOBO"
"08/10/23 23:00:00",19.294,"deg C","20624994","20781","ABM","HOBO"
"08/11/23 00:00:00",19.151,"deg C","20624994","20781","ABM","HOBO"
"08/11/23 01:00:00",19.008,"deg C","20624994","20781","ABM","HOBO"
"08/11/23 02:00:00",18.866,"deg C","20624994","20781","ABM","HOBO"
"08/11/23 03:00:00",18.675,"deg C","20624994","20781","ABM","HOBO"
"08/11/23 04:00:00",18.509,"deg C","20624994","20781","ABM","HOBO"
"08/11/23 05:00:00",18.366,"deg C","20624994","20781","ABM","HOBO"
"08/11/23 06:00:00",18.2,"deg C","20624994","20781","ABM","HOBO"
"08/11/23 07:00:00",18.033,"deg C","20624994","20781","ABM","HOBO"
"08/11/23 08:00:00",17.962,"deg C","20624994","20781","ABM","HOBO"
"08/11/23 09:00:00",18.057,"deg C","20624994","20781","ABM","HOBO"
"08/11/23 10:00:00",18.271,"deg C","20624994","20781","ABM","HOBO"
"08/11/23 11:00:00",18.628,"deg C","20624994","20781","ABM","HOBO"
"08/11/23 12:00:00",18.866,"deg C","20624994","20781","ABM","HOBO"
"08/11/23 13:00:00",19.103,"deg C","20624994","20781","ABM","HOBO"
"08/11/23 14:00:00",19.46,"deg C","20624994","20781","ABM","HOBO"
"08/11/23 15:00:00",19.651,"deg C","20624994","20781","ABM","HOBO"
"08/11/23 16:00:00",19.841,"deg C","20624994","20781","ABM","HOBO"
"08/11/23 17:00:00",19.865,"deg C","20624994","20781","ABM","HOBO"
"08/11/23 18:00:00",19.817,"deg C","20624994","20781","ABM","HOBO"
"08/11/23 19:00:00",19.651,"deg C","20624994","20781","ABM","HOBO"
"08/11/23 20:00:00",19.341,"deg C","20624994","20781","ABM","HOBO"
"08/11/23 21:00:00",18.985,"deg C","20624994","20781","ABM","HOBO"
"08/11/23 22:00:00",18.628,"deg C","20624994","20781","ABM","HOBO"
"08/11/23 23:00:00",18.319,"deg C","20624994","20781","ABM","HOBO"
"08/12/23 00:00:00",18.105,"deg C","20624994","20781","ABM","HOBO"
"08/12/23 01:00:00",17.891,"deg C","20624994","20781","ABM","HOBO"
"08/12/23 02:00:00",17.677,"deg C","20624994","20781","ABM","HOBO"
"08/12/23 03:00:00",17.415,"deg C","20624994","20781","ABM","HOBO"
"08/12/23 04:00:00",17.249,"deg C","20624994","20781","ABM","HOBO"
"08/12/23 05:00:00",17.058,"deg C","20624994","20781","ABM","HOBO"
"08/12/23 06:00:00",16.844,"deg C","20624994","20781","ABM","HOBO"
"08/12/23 07:00:00",16.654,"deg C","20624994","20781","ABM","HOBO"
"08/12/23 08:00:00",16.63,"deg C","20624994","20781","ABM","HOBO"
"08/12/23 09:00:00",16.868,"deg C","20624994","20781","ABM","HOBO"
"08/12/23 10:00:00",17.225,"deg C","20624994","20781","ABM","HOBO"
"08/12/23 11:00:00",17.701,"deg C","20624994","20781","ABM","HOBO"
"08/12/23 12:00:00",18.2,"deg C","20624994","20781","ABM","HOBO"
"08/12/23 13:00:00",18.652,"deg C","20624994","20781","ABM","HOBO"
"08/12/23 14:00:00",18.937,"deg C","20624994","20781","ABM","HOBO"
"08/12/23 15:00:00",19.151,"deg C","20624994","20781","ABM","HOBO"
"08/12/23 16:00:00",19.294,"deg C","20624994","20781","ABM","HOBO"
"08/12/23 17:00:00",19.318,"deg C","20624994","20781","ABM","HOBO"
"08/12/23 18:00:00",19.27,"deg C","20624994","20781","ABM","HOBO"
"08/12/23 19:00:00",19.27,"deg C","20624994","20781","ABM","HOBO"
"08/12/23 20:00:00",19.222,"deg C","20624994","20781","ABM","HOBO"
"08/12/23 21:00:00",19.175,"deg C","20624994","20781","ABM","HOBO"
"08/12/23 22:00:00",19.294,"deg C","20624994","20781","ABM","HOBO"
"08/12/23 23:00:00",19.413,"deg C","20624994","20781","ABM","HOBO"
"08/13/23 00:00:00",19.341,"deg C","20624994","20781","ABM","HOBO"
"08/13/23 01:00:00",19.127,"deg C","20624994","20781","ABM","HOBO"
"08/13/23 02:00:00",19.008,"deg C","20624994","20781","ABM","HOBO"
"08/13/23 03:00:00",18.913,"deg C","20624994","20781","ABM","HOBO"
"08/13/23 04:00:00",18.818,"deg C","20624994","20781","ABM","HOBO"
"08/13/23 05:00:00",18.747,"deg C","20624994","20781","ABM","HOBO"
"08/13/23 06:00:00",18.771,"deg C","20624994","20781","ABM","HOBO"
"08/13/23 07:00:00",18.747,"deg C","20624994","20781","ABM","HOBO"
"08/13/23 08:00:00",18.771,"deg C","20624994","20781","ABM","HOBO"
"08/13/23 09:00:00",18.842,"deg C","20624994","20781","ABM","HOBO"
"08/13/23 10:00:00",19.056,"deg C","20624994","20781","ABM","HOBO"
"08/13/23 11:00:00",19.365,"deg C","20624994","20781","ABM","HOBO"
"08/13/23 12:00:00",19.722,"deg C","20624994","20781","ABM","HOBO"
"08/13/23 13:00:00",20.126,"deg C","20624994","20781","ABM","HOBO"
"08/13/23 14:00:00",20.341,"deg C","20624994","20781","ABM","HOBO"
"08/13/23 15:00:00",20.674,"deg C","20624994","20781","ABM","HOBO"
"08/13/23 16:00:00",20.865,"deg C","20624994","20781","ABM","HOBO"
"08/13/23 17:00:00",20.793,"deg C","20624994","20781","ABM","HOBO"
"08/13/23 18:00:00",20.674,"deg C","20624994","20781","ABM","HOBO"
"08/13/23 19:00:00",20.507,"deg C","20624994","20781","ABM","HOBO"
"08/13/23 20:00:00",20.317,"deg C","20624994","20781","ABM","HOBO"
"08/13/23 21:00:00",20.079,"deg C","20624994","20781","ABM","HOBO"
"08/13/23 22:00:00",19.793,"deg C","20624994","20781","ABM","HOBO"
"08/13/23 23:00:00",19.579,"deg C","20624994","20781","ABM","HOBO"
"08/14/23 00:00:00",19.341,"deg C","20624994","20781","ABM","HOBO"
"08/14/23 01:00:00",19.08,"deg C","20624994","20781","ABM","HOBO"
"08/14/23 02:00:00",18.889,"deg C","20624994","20781","ABM","HOBO"
"08/14/23 03:00:00",18.675,"deg C","20624994","20781","ABM","HOBO"
"08/14/23 04:00:00",18.485,"deg C","20624994","20781","ABM","HOBO"
"08/14/23 05:00:00",18.343,"deg C","20624994","20781","ABM","HOBO"
"08/14/23 06:00:00",18.247,"deg C","20624994","20781","ABM","HOBO"
"08/14/23 07:00:00",18.152,"deg C","20624994","20781","ABM","HOBO"
"08/14/23 08:00:00",18.152,"deg C","20624994","20781","ABM","HOBO"
"08/14/23 09:00:00",18.224,"deg C","20624994","20781","ABM","HOBO"
"08/14/23 10:00:00",18.485,"deg C","20624994","20781","ABM","HOBO"
"08/14/23 11:00:00",18.913,"deg C","20624994","20781","ABM","HOBO"
"08/14/23 12:00:00",19.151,"deg C","20624994","20781","ABM","HOBO"
"08/14/23 13:00:00",19.532,"deg C","20624994","20781","ABM","HOBO"
"08/14/23 14:00:00",19.722,"deg C","20624994","20781","ABM","HOBO"
"08/14/23 15:00:00",19.936,"deg C","20624994","20781","ABM","HOBO"
"08/14/23 16:00:00",20.031,"deg C","20624994","20781","ABM","HOBO"
"08/14/23 17:00:00",20.055,"deg C","20624994","20781","ABM","HOBO"
"08/14/23 18:00:00",20.031,"deg C","20624994","20781","ABM","HOBO"
"08/14/23 19:00:00",19.96,"deg C","20624994","20781","ABM","HOBO"
"08/14/23 20:00:00",19.888,"deg C","20624994","20781","ABM","HOBO"
"08/14/23 21:00:00",19.793,"deg C","20624994","20781","ABM","HOBO"
"08/14/23 22:00:00",19.674,"deg C","20624994","20781","ABM","HOBO"
"08/14/23 23:00:00",19.603,"deg C","20624994","20781","ABM","HOBO"
"08/15/23 00:00:00",19.532,"deg C","20624994","20781","ABM","HOBO"
"08/15/23 01:00:00",19.46,"deg C","20624994","20781","ABM","HOBO"
"08/15/23 02:00:00",19.389,"deg C","20624994","20781","ABM","HOBO"
"08/15/23 03:00:00",19.318,"deg C","20624994","20781","ABM","HOBO"
"08/15/23 04:00:00",19.27,"deg C","20624994","20781","ABM","HOBO"
"08/15/23 05:00:00",19.46,"deg C","20624994","20781","ABM","HOBO"
"08/15/23 06:00:00",19.413,"deg C","20624994","20781","ABM","HOBO"
"08/15/23 07:00:00",19.246,"deg C","20624994","20781","ABM","HOBO"
"08/15/23 08:00:00",19.127,"deg C","20624994","20781","ABM","HOBO"
"08/15/23 09:00:00",19.056,"deg C","20624994","20781","ABM","HOBO"
"08/15/23 10:00:00",19.08,"deg C","20624994","20781","ABM","HOBO"
"08/15/23 11:00:00",19.103,"deg C","20624994","20781","ABM","HOBO"
"08/15/23 12:00:00",19.103,"deg C","20624994","20781","ABM","HOBO"
"08/15/23 13:00:00",19.103,"deg C","20624994","20781","ABM","HOBO"
"08/15/23 14:00:00",19.127,"deg C","20624994","20781","ABM","HOBO"
"08/15/23 15:00:00",19.103,"deg C","20624994","20781","ABM","HOBO"
"08/15/23 16:00:00",19.151,"deg C","20624994","20781","ABM","HOBO"
"08/15/23 17:00:00",19.175,"deg C","20624994","20781","ABM","HOBO"
"08/15/23 18:00:00",19.151,"deg C","20624994","20781","ABM","HOBO"
"08/15/23 19:00:00",19.127,"deg C","20624994","20781","ABM","HOBO"
"08/15/23 20:00:00",19.056,"deg C","20624994","20781","ABM","HOBO"
"08/15/23 21:00:00",18.985,"deg C","20624994","20781","ABM","HOBO"
"08/15/23 22:00:00",18.937,"deg C","20624994","20781","ABM","HOBO"
"08/15/23 23:00:00",18.866,"deg C","20624994","20781","ABM","HOBO"
"08/16/23 00:00:00",18.842,"deg C","20624994","20781","ABM","HOBO"
"08/16/23 01:00:00",18.794,"deg C","20624994","20781","ABM","HOBO"
"08/16/23 02:00:00",18.747,"deg C","20624994","20781","ABM","HOBO"
"08/16/23 03:00:00",18.675,"deg C","20624994","20781","ABM","HOBO"
"08/16/23 04:00:00",18.628,"deg C","20624994","20781","ABM","HOBO"
"08/16/23 05:00:00",18.58,"deg C","20624994","20781","ABM","HOBO"
"08/16/23 06:00:00",18.533,"deg C","20624994","20781","ABM","HOBO"
"08/16/23 07:00:00",18.485,"deg C","20624994","20781","ABM","HOBO"
"08/16/23 08:00:00",18.461,"deg C","20624994","20781","ABM","HOBO"
"08/16/23 09:00:00",18.461,"deg C","20624994","20781","ABM","HOBO"
"08/16/23 10:00:00",18.461,"deg C","20624994","20781","ABM","HOBO"
"08/16/23 11:00:00",18.461,"deg C","20624994","20781","ABM","HOBO"
"08/16/23 12:00:00",18.485,"deg C","20624994","20781","ABM","HOBO"
"08/16/23 13:00:00",18.509,"deg C","20624994","20781","ABM","HOBO"
"08/16/23 14:00:00",18.604,"deg C","20624994","20781","ABM","HOBO"
"08/16/23 15:00:00",18.699,"deg C","20624994","20781","ABM","HOBO"
"08/16/23 16:00:00",18.961,"deg C","20624994","20781","ABM","HOBO"
"08/16/23 17:00:00",19.127,"deg C","20624994","20781","ABM","HOBO"
"08/16/23 18:00:00",19.175,"deg C","20624994","20781","ABM","HOBO"
"08/16/23 19:00:00",19.103,"deg C","20624994","20781","ABM","HOBO"
"08/16/23 20:00:00",19.056,"deg C","20624994","20781","ABM","HOBO"
"08/16/23 21:00:00",18.985,"deg C","20624994","20781","ABM","HOBO"
"08/16/23 22:00:00",18.937,"deg C","20624994","20781","ABM","HOBO"
"08/16/23 23:00:00",18.913,"deg C","20624994","20781","ABM","HOBO"
"08/17/23 00:00:00",18.866,"deg C","20624994","20781","ABM","HOBO"
"08/17/23 01:00:00",18.818,"deg C","20624994","20781","ABM","HOBO"
"08/17/23 02:00:00",18.771,"deg C","20624994","20781","ABM","HOBO"
"08/17/23 03:00:00",18.723,"deg C","20624994","20781","ABM","HOBO"
"08/17/23 04:00:00",18.675,"deg C","20624994","20781","ABM","HOBO"
"08/17/23 05:00:00",18.604,"deg C","20624994","20781","ABM","HOBO"
"08/17/23 06:00:00",18.533,"deg C","20624994","20781","ABM","HOBO"
"08/17/23 07:00:00",18.485,"deg C","20624994","20781","ABM","HOBO"
"08/17/23 08:00:00",18.461,"deg C","20624994","20781","ABM","HOBO"
"08/17/23 09:00:00",18.438,"deg C","20624994","20781","ABM","HOBO"
"08/17/23 10:00:00",18.509,"deg C","20624994","20781","ABM","HOBO"
"08/17/23 11:00:00",18.533,"deg C","20624994","20781","ABM","HOBO"
"08/17/23 12:00:00",18.58,"deg C","20624994","20781","ABM","HOBO"
"08/17/23 13:00:00",18.628,"deg C","20624994","20781","ABM","HOBO"
"08/17/23 14:00:00",18.675,"deg C","20624994","20781","ABM","HOBO"
"08/17/23 15:00:00",18.771,"deg C","20624994","20781","ABM","HOBO"
"08/17/23 16:00:00",18.842,"deg C","20624994","20781","ABM","HOBO"
"08/17/23 17:00:00",18.913,"deg C","20624994","20781","ABM","HOBO"
"08/17/23 18:00:00",19.008,"deg C","20624994","20781","ABM","HOBO"
"08/17/23 19:00:00",19.056,"deg C","20624994","20781","ABM","HOBO"
"08/17/23 20:00:00",18.985,"deg C","20624994","20781","ABM","HOBO"
"08/17/23 21:00:00",18.913,"deg C","20624994","20781","ABM","HOBO"
"08/17/23 22:00:00",18.866,"deg C","20624994","20781","ABM","HOBO"
"08/17/23 23:00:00",18.818,"deg C","20624994","20781","ABM","HOBO"
"08/18/23 00:00:00",18.771,"deg C","20624994","20781","ABM","HOBO"
"08/18/23 01:00:00",18.723,"deg C","20624994","20781","ABM","HOBO"
"08/18/23 02:00:00",18.699,"deg C","20624994","20781","ABM","HOBO"
"08/18/23 03:00:00",18.675,"deg C","20624994","20781","ABM","HOBO"
"08/18/23 04:00:00",18.652,"deg C","20624994","20781","ABM","HOBO"
"08/18/23 05:00:00",18.652,"deg C","20624994","20781","ABM","HOBO"
"08/18/23 06:00:00",18.652,"deg C","20624994","20781","ABM","HOBO"
"08/18/23 07:00:00",18.675,"deg C","20624994","20781","ABM","HOBO"
"08/18/23 08:00:00",18.818,"deg C","20624994","20781","ABM","HOBO"
"08/18/23 09:00:00",18.842,"deg C","20624994","20781","ABM","HOBO"
"08/18/23 10:00:00",18.913,"deg C","20624994","20781","ABM","HOBO"
"08/18/23 11:00:00",19.103,"deg C","20624994","20781","ABM","HOBO"
"08/18/23 12:00:00",19.555,"deg C","20624994","20781","ABM","HOBO"
"08/18/23 13:00:00",19.817,"deg C","20624994","20781","ABM","HOBO"
"08/18/23 14:00:00",20.055,"deg C","20624994","20781","ABM","HOBO"
"08/18/23 15:00:00",20.269,"deg C","20624994","20781","ABM","HOBO"
"08/18/23 16:00:00",20.222,"deg C","20624994","20781","ABM","HOBO"
"08/18/23 17:00:00",20.103,"deg C","20624994","20781","ABM","HOBO"
"08/18/23 18:00:00",19.865,"deg C","20624994","20781","ABM","HOBO"
"08/18/23 19:00:00",19.579,"deg C","20624994","20781","ABM","HOBO"
"08/18/23 20:00:00",19.27,"deg C","20624994","20781","ABM","HOBO"
"08/18/23 21:00:00",18.937,"deg C","20624994","20781","ABM","HOBO"
"08/18/23 22:00:00",18.533,"deg C","20624994","20781","ABM","HOBO"
"08/18/23 23:00:00",18.2,"deg C","20624994","20781","ABM","HOBO"
"08/19/23 00:00:00",17.867,"deg C","20624994","20781","ABM","HOBO"
"08/19/23 01:00:00",17.558,"deg C","20624994","20781","ABM","HOBO"
"08/19/23 02:00:00",17.32,"deg C","20624994","20781","ABM","HOBO"
"08/19/23 03:00:00",17.082,"deg C","20624994","20781","ABM","HOBO"
"08/19/23 04:00:00",16.844,"deg C","20624994","20781","ABM","HOBO"
"08/19/23 05:00:00",16.677,"deg C","20624994","20781","ABM","HOBO"
"08/19/23 06:00:00",16.534,"deg C","20624994","20781","ABM","HOBO"
"08/19/23 07:00:00",16.415,"deg C","20624994","20781","ABM","HOBO"
"08/19/23 08:00:00",16.392,"deg C","20624994","20781","ABM","HOBO"
"08/19/23 09:00:00",16.534,"deg C","20624994","20781","ABM","HOBO"
"08/19/23 10:00:00",16.796,"deg C","20624994","20781","ABM","HOBO"
"08/19/23 11:00:00",17.106,"deg C","20624994","20781","ABM","HOBO"
"08/19/23 12:00:00",17.296,"deg C","20624994","20781","ABM","HOBO"
"08/19/23 13:00:00",17.344,"deg C","20624994","20781","ABM","HOBO"
"08/19/23 14:00:00",17.439,"deg C","20624994","20781","ABM","HOBO"
"08/19/23 15:00:00",17.653,"deg C","20624994","20781","ABM","HOBO"
"08/19/23 16:00:00",17.819,"deg C","20624994","20781","ABM","HOBO"
"08/19/23 17:00:00",17.915,"deg C","20624994","20781","ABM","HOBO"
"08/19/23 18:00:00",17.962,"deg C","20624994","20781","ABM","HOBO"
"08/19/23 19:00:00",17.938,"deg C","20624994","20781","ABM","HOBO"
"08/19/23 20:00:00",17.843,"deg C","20624994","20781","ABM","HOBO"
"08/19/23 21:00:00",17.653,"deg C","20624994","20781","ABM","HOBO"
"08/19/23 22:00:00",17.558,"deg C","20624994","20781","ABM","HOBO"
"08/19/23 23:00:00",17.486,"deg C","20624994","20781","ABM","HOBO"
"08/20/23 00:00:00",17.344,"deg C","20624994","20781","ABM","HOBO"
"08/20/23 01:00:00",17.201,"deg C","20624994","20781","ABM","HOBO"
"08/20/23 02:00:00",17.058,"deg C","20624994","20781","ABM","HOBO"
"08/20/23 03:00:00",16.844,"deg C","20624994","20781","ABM","HOBO"
"08/20/23 04:00:00",16.606,"deg C","20624994","20781","ABM","HOBO"
"08/20/23 05:00:00",16.415,"deg C","20624994","20781","ABM","HOBO"
"08/20/23 06:00:00",16.272,"deg C","20624994","20781","ABM","HOBO"
"08/20/23 07:00:00",16.177,"deg C","20624994","20781","ABM","HOBO"
"08/20/23 08:00:00",16.177,"deg C","20624994","20781","ABM","HOBO"
"08/20/23 09:00:00",16.392,"deg C","20624994","20781","ABM","HOBO"
"08/20/23 10:00:00",16.701,"deg C","20624994","20781","ABM","HOBO"
"08/20/23 11:00:00",17.106,"deg C","20624994","20781","ABM","HOBO"
"08/20/23 12:00:00",17.486,"deg C","20624994","20781","ABM","HOBO"
"08/20/23 13:00:00",17.915,"deg C","20624994","20781","ABM","HOBO"
"08/20/23 14:00:00",18.295,"deg C","20624994","20781","ABM","HOBO"
"08/20/23 15:00:00",18.628,"deg C","20624994","20781","ABM","HOBO"
"08/20/23 16:00:00",18.699,"deg C","20624994","20781","ABM","HOBO"
"08/20/23 17:00:00",18.723,"deg C","20624994","20781","ABM","HOBO"
"08/20/23 18:00:00",18.675,"deg C","20624994","20781","ABM","HOBO"
"08/20/23 19:00:00",18.652,"deg C","20624994","20781","ABM","HOBO"
"08/20/23 20:00:00",18.533,"deg C","20624994","20781","ABM","HOBO"
"08/20/23 21:00:00",18.366,"deg C","20624994","20781","ABM","HOBO"
"08/20/23 22:00:00",18.247,"deg C","20624994","20781","ABM","HOBO"
"08/20/23 23:00:00",18.152,"deg C","20624994","20781","ABM","HOBO"
"08/21/23 00:00:00",18.081,"deg C","20624994","20781","ABM","HOBO"
"08/21/23 01:00:00",18.01,"deg C","20624994","20781","ABM","HOBO"
"08/21/23 02:00:00",17.962,"deg C","20624994","20781","ABM","HOBO"
"08/21/23 03:00:00",17.891,"deg C","20624994","20781","ABM","HOBO"
"08/21/23 04:00:00",17.796,"deg C","20624994","20781","ABM","HOBO"
"08/21/23 05:00:00",17.772,"deg C","20624994","20781","ABM","HOBO"
"08/21/23 06:00:00",17.772,"deg C","20624994","20781","ABM","HOBO"
"08/21/23 07:00:00",17.772,"deg C","20624994","20781","ABM","HOBO"
"08/21/23 08:00:00",17.772,"deg C","20624994","20781","ABM","HOBO"
"08/21/23 09:00:00",17.819,"deg C","20624994","20781","ABM","HOBO"
"08/21/23 10:00:00",17.891,"deg C","20624994","20781","ABM","HOBO"
"08/21/23 11:00:00",18.152,"deg C","20624994","20781","ABM","HOBO"
"08/21/23 12:00:00",18.557,"deg C","20624994","20781","ABM","HOBO"
"08/21/23 13:00:00",18.913,"deg C","20624994","20781","ABM","HOBO"
"08/21/23 14:00:00",19.103,"deg C","20624994","20781","ABM","HOBO"
"08/21/23 15:00:00",19.246,"deg C","20624994","20781","ABM","HOBO"
"08/21/23 16:00:00",19.318,"deg C","20624994","20781","ABM","HOBO"
"08/21/23 17:00:00",19.389,"deg C","20624994","20781","ABM","HOBO"
"08/21/23 18:00:00",19.413,"deg C","20624994","20781","ABM","HOBO"
"08/21/23 19:00:00",19.413,"deg C","20624994","20781","ABM","HOBO"
"08/21/23 20:00:00",19.341,"deg C","20624994","20781","ABM","HOBO"
"08/21/23 21:00:00",19.27,"deg C","20624994","20781","ABM","HOBO"
"08/21/23 22:00:00",19.199,"deg C","20624994","20781","ABM","HOBO"
"08/21/23 23:00:00",19.127,"deg C","20624994","20781","ABM","HOBO"
"08/22/23 00:00:00",19.08,"deg C","20624994","20781","ABM","HOBO"
"08/22/23 01:00:00",18.985,"deg C","20624994","20781","ABM","HOBO"
"08/22/23 02:00:00",18.818,"deg C","20624994","20781","ABM","HOBO"
"08/22/23 03:00:00",18.604,"deg C","20624994","20781","ABM","HOBO"
"08/22/23 04:00:00",18.319,"deg C","20624994","20781","ABM","HOBO"
"08/22/23 05:00:00",18.01,"deg C","20624994","20781","ABM","HOBO"
"08/22/23 06:00:00",17.677,"deg C","20624994","20781","ABM","HOBO"
"08/22/23 07:00:00",17.368,"deg C","20624994","20781","ABM","HOBO"
"08/22/23 08:00:00",17.153,"deg C","20624994","20781","ABM","HOBO"
"08/22/23 09:00:00",17.082,"deg C","20624994","20781","ABM","HOBO"
"08/22/23 10:00:00",17.177,"deg C","20624994","20781","ABM","HOBO"
"08/22/23 11:00:00",17.368,"deg C","20624994","20781","ABM","HOBO"
"08/22/23 12:00:00",17.51,"deg C","20624994","20781","ABM","HOBO"
"08/22/23 13:00:00",17.772,"deg C","20624994","20781","ABM","HOBO"
"08/22/23 14:00:00",17.891,"deg C","20624994","20781","ABM","HOBO"
"08/22/23 15:00:00",18.033,"deg C","20624994","20781","ABM","HOBO"
"08/22/23 16:00:00",18.105,"deg C","20624994","20781","ABM","HOBO"
"08/22/23 17:00:00",18.129,"deg C","20624994","20781","ABM","HOBO"
"08/22/23 18:00:00",18.152,"deg C","20624994","20781","ABM","HOBO"
"08/22/23 19:00:00",18.105,"deg C","20624994","20781","ABM","HOBO"
"08/22/23 20:00:00",18.033,"deg C","20624994","20781","ABM","HOBO"
"08/22/23 21:00:00",17.867,"deg C","20624994","20781","ABM","HOBO"
"08/22/23 22:00:00",17.629,"deg C","20624994","20781","ABM","HOBO"
"08/22/23 23:00:00",17.439,"deg C","20624994","20781","ABM","HOBO"
"08/23/23 00:00:00",17.272,"deg C","20624994","20781","ABM","HOBO"
"08/23/23 01:00:00",17.106,"deg C","20624994","20781","ABM","HOBO"
"08/23/23 02:00:00",16.892,"deg C","20624994","20781","ABM","HOBO"
"08/23/23 03:00:00",16.701,"deg C","20624994","20781","ABM","HOBO"
"08/23/23 04:00:00",16.558,"deg C","20624994","20781","ABM","HOBO"
"08/23/23 05:00:00",16.392,"deg C","20624994","20781","ABM","HOBO"
"08/23/23 06:00:00",16.272,"deg C","20624994","20781","ABM","HOBO"
"08/23/23 07:00:00",16.153,"deg C","20624994","20781","ABM","HOBO"
"08/23/23 08:00:00",16.058,"deg C","20624994","20781","ABM","HOBO"
"08/23/23 09:00:00",16.129,"deg C","20624994","20781","ABM","HOBO"
"08/23/23 10:00:00",16.344,"deg C","20624994","20781","ABM","HOBO"
"08/23/23 11:00:00",16.558,"deg C","20624994","20781","ABM","HOBO"
"08/23/23 12:00:00",16.773,"deg C","20624994","20781","ABM","HOBO"
"08/23/23 13:00:00",17.082,"deg C","20624994","20781","ABM","HOBO"
"08/23/23 14:00:00",17.225,"deg C","20624994","20781","ABM","HOBO"
"08/23/23 15:00:00",17.391,"deg C","20624994","20781","ABM","HOBO"
"08/23/23 16:00:00",17.439,"deg C","20624994","20781","ABM","HOBO"
"08/23/23 17:00:00",17.415,"deg C","20624994","20781","ABM","HOBO"
"08/23/23 18:00:00",17.344,"deg C","20624994","20781","ABM","HOBO"
"08/23/23 19:00:00",17.344,"deg C","20624994","20781","ABM","HOBO"
"08/23/23 20:00:00",17.296,"deg C","20624994","20781","ABM","HOBO"
"08/23/23 21:00:00",17.177,"deg C","20624994","20781","ABM","HOBO"
"08/23/23 22:00:00",17.082,"deg C","20624994","20781","ABM","HOBO"
"08/23/23 23:00:00",16.963,"deg C","20624994","20781","ABM","HOBO"
"08/24/23 00:00:00",16.773,"deg C","20624994","20781","ABM","HOBO"
"08/24/23 01:00:00",16.606,"deg C","20624994","20781","ABM","HOBO"
"08/24/23 02:00:00",16.487,"deg C","20624994","20781","ABM","HOBO"
"08/24/23 03:00:00",16.392,"deg C","20624994","20781","ABM","HOBO"
"08/24/23 04:00:00",16.296,"deg C","20624994","20781","ABM","HOBO"
"08/24/23 05:00:00",16.225,"deg C","20624994","20781","ABM","HOBO"
"08/24/23 06:00:00",16.201,"deg C","20624994","20781","ABM","HOBO"
"08/24/23 07:00:00",16.153,"deg C","20624994","20781","ABM","HOBO"
"08/24/23 08:00:00",16.153,"deg C","20624994","20781","ABM","HOBO"
"08/24/23 09:00:00",16.225,"deg C","20624994","20781","ABM","HOBO"
"08/24/23 10:00:00",16.32,"deg C","20624994","20781","ABM","HOBO"
"08/24/23 11:00:00",16.463,"deg C","20624994","20781","ABM","HOBO"
"08/24/23 12:00:00",16.582,"deg C","20624994","20781","ABM","HOBO"
"08/24/23 13:00:00",16.677,"deg C","20624994","20781","ABM","HOBO"
"08/24/23 14:00:00",16.773,"deg C","20624994","20781","ABM","HOBO"
"08/24/23 15:00:00",16.844,"deg C","20624994","20781","ABM","HOBO"
"08/24/23 16:00:00",16.892,"deg C","20624994","20781","ABM","HOBO"
"08/24/23 17:00:00",16.868,"deg C","20624994","20781","ABM","HOBO"
"08/24/23 18:00:00",16.844,"deg C","20624994","20781","ABM","HOBO"
"08/24/23 19:00:00",16.796,"deg C","20624994","20781","ABM","HOBO"
"08/24/23 20:00:00",16.749,"deg C","20624994","20781","ABM","HOBO"
"08/24/23 21:00:00",16.701,"deg C","20624994","20781","ABM","HOBO"
"08/24/23 22:00:00",16.677,"deg C","20624994","20781","ABM","HOBO"
"08/24/23 23:00:00",16.654,"deg C","20624994","20781","ABM","HOBO"
"08/25/23 00:00:00",16.654,"deg C","20624994","20781","ABM","HOBO"
"08/25/23 01:00:00",16.654,"deg C","20624994","20781","ABM","HOBO"
"08/25/23 02:00:00",16.63,"deg C","20624994","20781","ABM","HOBO"
"08/25/23 03:00:00",16.654,"deg C","20624994","20781","ABM","HOBO"
"08/25/23 04:00:00",16.677,"deg C","20624994","20781","ABM","HOBO"
"08/25/23 05:00:00",16.749,"deg C","20624994","20781","ABM","HOBO"
"08/25/23 06:00:00",16.82,"deg C","20624994","20781","ABM","HOBO"
"08/25/23 07:00:00",16.892,"deg C","20624994","20781","ABM","HOBO"
"08/25/23 08:00:00",16.987,"deg C","20624994","20781","ABM","HOBO"
"08/25/23 09:00:00",17.296,"deg C","20624994","20781","ABM","HOBO"
"08/25/23 10:00:00",17.463,"deg C","20624994","20781","ABM","HOBO"
"08/25/23 11:00:00",17.558,"deg C","20624994","20781","ABM","HOBO"
"08/25/23 12:00:00",17.629,"deg C","20624994","20781","ABM","HOBO"
"08/25/23 13:00:00",17.701,"deg C","20624994","20781","ABM","HOBO"
"08/25/23 14:00:00",17.843,"deg C","20624994","20781","ABM","HOBO"
"08/25/23 15:00:00",17.938,"deg C","20624994","20781","ABM","HOBO"
"08/25/23 16:00:00",18.033,"deg C","20624994","20781","ABM","HOBO"
"08/25/23 17:00:00",18.105,"deg C","20624994","20781","ABM","HOBO"
"08/25/23 18:00:00",18.152,"deg C","20624994","20781","ABM","HOBO"
"08/25/23 19:00:00",18.105,"deg C","20624994","20781","ABM","HOBO"
"08/25/23 20:00:00",18.057,"deg C","20624994","20781","ABM","HOBO"
"08/25/23 21:00:00",18.057,"deg C","20624994","20781","ABM","HOBO"
"08/25/23 22:00:00",18.033,"deg C","20624994","20781","ABM","HOBO"
"08/25/23 23:00:00",18.033,"deg C","20624994","20781","ABM","HOBO"
"08/26/23 00:00:00",18.01,"deg C","20624994","20781","ABM","HOBO"
"08/26/23 01:00:00",18.01,"deg C","20624994","20781","ABM","HOBO"
"08/26/23 02:00:00",18.01,"deg C","20624994","20781","ABM","HOBO"
"08/26/23 03:00:00",18.01,"deg C","20624994","20781","ABM","HOBO"
"08/26/23 04:00:00",18.081,"deg C","20624994","20781","ABM","HOBO"
"08/26/23 05:00:00",18.081,"deg C","20624994","20781","ABM","HOBO"
"08/26/23 06:00:00",18.057,"deg C","20624994","20781","ABM","HOBO"
"08/26/23 07:00:00",18.01,"deg C","20624994","20781","ABM","HOBO"
"08/26/23 08:00:00",17.986,"deg C","20624994","20781","ABM","HOBO"
"08/26/23 09:00:00",17.986,"deg C","20624994","20781","ABM","HOBO"
"08/26/23 10:00:00",18.129,"deg C","20624994","20781","ABM","HOBO"
"08/26/23 11:00:00",18.295,"deg C","20624994","20781","ABM","HOBO"
"08/26/23 12:00:00",18.652,"deg C","20624994","20781","ABM","HOBO"
"08/26/23 13:00:00",19.056,"deg C","20624994","20781","ABM","HOBO"
"08/26/23 14:00:00",19.294,"deg C","20624994","20781","ABM","HOBO"
"08/26/23 15:00:00",19.627,"deg C","20624994","20781","ABM","HOBO"
"08/26/23 16:00:00",19.77,"deg C","20624994","20781","ABM","HOBO"
"08/26/23 17:00:00",19.817,"deg C","20624994","20781","ABM","HOBO"
"08/26/23 18:00:00",19.77,"deg C","20624994","20781","ABM","HOBO"
"08/26/23 19:00:00",19.651,"deg C","20624994","20781","ABM","HOBO"
"08/26/23 20:00:00",19.484,"deg C","20624994","20781","ABM","HOBO"
"08/26/23 21:00:00",19.294,"deg C","20624994","20781","ABM","HOBO"
"08/26/23 22:00:00",19.08,"deg C","20624994","20781","ABM","HOBO"
"08/26/23 23:00:00",18.866,"deg C","20624994","20781","ABM","HOBO"
"08/27/23 00:00:00",18.628,"deg C","20624994","20781","ABM","HOBO"
"08/27/23 01:00:00",18.39,"deg C","20624994","20781","ABM","HOBO"
"08/27/23 02:00:00",18.2,"deg C","20624994","20781","ABM","HOBO"
"08/27/23 03:00:00",18.01,"deg C","20624994","20781","ABM","HOBO"
"08/27/23 04:00:00",17.867,"deg C","20624994","20781","ABM","HOBO"
"08/27/23 05:00:00",17.748,"deg C","20624994","20781","ABM","HOBO"
"08/27/23 06:00:00",17.629,"deg C","20624994","20781","ABM","HOBO"
"08/27/23 07:00:00",17.558,"deg C","20624994","20781","ABM","HOBO"
"08/27/23 08:00:00",17.534,"deg C","20624994","20781","ABM","HOBO"
"08/27/23 09:00:00",17.653,"deg C","20624994","20781","ABM","HOBO"
"08/27/23 10:00:00",17.843,"deg C","20624994","20781","ABM","HOBO"
"08/27/23 11:00:00",18.01,"deg C","20624994","20781","ABM","HOBO"
"08/27/23 12:00:00",18.152,"deg C","20624994","20781","ABM","HOBO"
"08/27/23 13:00:00",18.414,"deg C","20624994","20781","ABM","HOBO"
"08/27/23 14:00:00",18.699,"deg C","20624994","20781","ABM","HOBO"
"08/27/23 15:00:00",18.842,"deg C","20624994","20781","ABM","HOBO"
"08/27/23 16:00:00",18.866,"deg C","20624994","20781","ABM","HOBO"
"08/27/23 17:00:00",18.913,"deg C","20624994","20781","ABM","HOBO"
"08/27/23 18:00:00",18.866,"deg C","20624994","20781","ABM","HOBO"
"08/27/23 19:00:00",18.794,"deg C","20624994","20781","ABM","HOBO"
"08/27/23 20:00:00",18.675,"deg C","20624994","20781","ABM","HOBO"
"08/27/23 21:00:00",18.533,"deg C","20624994","20781","ABM","HOBO"
"08/27/23 22:00:00",18.343,"deg C","20624994","20781","ABM","HOBO"
"08/27/23 23:00:00",18.2,"deg C","20624994","20781","ABM","HOBO"
"08/28/23 00:00:00",18.105,"deg C","20624994","20781","ABM","HOBO"
"08/28/23 01:00:00",18.057,"deg C","20624994","20781","ABM","HOBO"
"08/28/23 02:00:00",18.033,"deg C","20624994","20781","ABM","HOBO"
"08/28/23 03:00:00",17.986,"deg C","20624994","20781","ABM","HOBO"
"08/28/23 04:00:00",17.938,"deg C","20624994","20781","ABM","HOBO"
"08/28/23 05:00:00",17.891,"deg C","20624994","20781","ABM","HOBO"
"08/28/23 06:00:00",17.867,"deg C","20624994","20781","ABM","HOBO"
"08/28/23 07:00:00",17.819,"deg C","20624994","20781","ABM","HOBO"
"08/28/23 08:00:00",17.796,"deg C","20624994","20781","ABM","HOBO"
"08/28/23 09:00:00",17.796,"deg C","20624994","20781","ABM","HOBO"
"08/28/23 10:00:00",17.843,"deg C","20624994","20781","ABM","HOBO"
"08/28/23 11:00:00",18.033,"deg C","20624994","20781","ABM","HOBO"
"08/28/23 12:00:00",18.295,"deg C","20624994","20781","ABM","HOBO"
"08/28/23 13:00:00",18.485,"deg C","20624994","20781","ABM","HOBO"
"08/28/23 14:00:00",18.675,"deg C","20624994","20781","ABM","HOBO"
"08/28/23 15:00:00",18.794,"deg C","20624994","20781","ABM","HOBO"
"08/28/23 16:00:00",18.747,"deg C","20624994","20781","ABM","HOBO"
"08/28/23 17:00:00",18.771,"deg C","20624994","20781","ABM","HOBO"
"08/28/23 18:00:00",18.771,"deg C","20624994","20781","ABM","HOBO"
"08/28/23 19:00:00",18.723,"deg C","20624994","20781","ABM","HOBO"
"08/28/23 20:00:00",18.628,"deg C","20624994","20781","ABM","HOBO"
"08/28/23 21:00:00",18.533,"deg C","20624994","20781","ABM","HOBO"
"08/28/23 22:00:00",18.414,"deg C","20624994","20781","ABM","HOBO"
"08/28/23 23:00:00",18.319,"deg C","20624994","20781","ABM","HOBO"
"08/29/23 00:00:00",18.224,"deg C","20624994","20781","ABM","HOBO"
"08/29/23 01:00:00",18.105,"deg C","20624994","20781","ABM","HOBO"
"08/29/23 02:00:00",18.01,"deg C","20624994","20781","ABM","HOBO"
"08/29/23 03:00:00",17.915,"deg C","20624994","20781","ABM","HOBO"
"08/29/23 04:00:00",17.843,"deg C","20624994","20781","ABM","HOBO"
"08/29/23 05:00:00",17.677,"deg C","20624994","20781","ABM","HOBO"
"08/29/23 06:00:00",17.51,"deg C","20624994","20781","ABM","HOBO"
"08/29/23 07:00:00",17.368,"deg C","20624994","20781","ABM","HOBO"
"08/29/23 08:00:00",17.249,"deg C","20624994","20781","ABM","HOBO"
"08/29/23 09:00:00",17.272,"deg C","20624994","20781","ABM","HOBO"
"08/29/23 10:00:00",17.486,"deg C","20624994","20781","ABM","HOBO"
"08/29/23 11:00:00",17.748,"deg C","20624994","20781","ABM","HOBO"
"08/29/23 12:00:00",18.01,"deg C","20624994","20781","ABM","HOBO"
"08/29/23 13:00:00",18.176,"deg C","20624994","20781","ABM","HOBO"
"08/29/23 14:00:00",18.343,"deg C","20624994","20781","ABM","HOBO"
"08/29/23 15:00:00",18.485,"deg C","20624994","20781","ABM","HOBO"
"08/29/23 16:00:00",18.628,"deg C","20624994","20781","ABM","HOBO"
"08/29/23 17:00:00",18.628,"deg C","20624994","20781","ABM","HOBO"
"08/29/23 18:00:00",18.675,"deg C","20624994","20781","ABM","HOBO"
"08/29/23 19:00:00",18.557,"deg C","20624994","20781","ABM","HOBO"
"08/29/23 20:00:00",18.509,"deg C","20624994","20781","ABM","HOBO"
"08/29/23 21:00:00",18.509,"deg C","20624994","20781","ABM","HOBO"
"08/29/23 22:00:00",18.509,"deg C","20624994","20781","ABM","HOBO"
"08/29/23 23:00:00",18.438,"deg C","20624994","20781","ABM","HOBO"
"08/30/23 00:00:00",18.485,"deg C","20624994","20781","ABM","HOBO"
"08/30/23 01:00:00",18.509,"deg C","20624994","20781","ABM","HOBO"
"08/30/23 02:00:00",18.509,"deg C","20624994","20781","ABM","HOBO"
"08/30/23 03:00:00",18.509,"deg C","20624994","20781","ABM","HOBO"
"08/30/23 04:00:00",18.485,"deg C","20624994","20781","ABM","HOBO"
"08/30/23 05:00:00",18.39,"deg C","20624994","20781","ABM","HOBO"
"08/30/23 06:00:00",18.39,"deg C","20624994","20781","ABM","HOBO"
"08/30/23 07:00:00",18.343,"deg C","20624994","20781","ABM","HOBO"
"08/30/23 08:00:00",18.343,"deg C","20624994","20781","ABM","HOBO"
"08/30/23 09:00:00",18.343,"deg C","20624994","20781","ABM","HOBO"
"08/30/23 10:00:00",18.39,"deg C","20624994","20781","ABM","HOBO"
"08/30/23 11:00:00",18.485,"deg C","20624994","20781","ABM","HOBO"
"08/30/23 12:00:00",18.604,"deg C","20624994","20781","ABM","HOBO"
"08/30/23 13:00:00",18.794,"deg C","20624994","20781","ABM","HOBO"
"08/30/23 14:00:00",19.103,"deg C","20624994","20781","ABM","HOBO"
"08/30/23 15:00:00",19.389,"deg C","20624994","20781","ABM","HOBO"
"08/30/23 16:00:00",19.484,"deg C","20624994","20781","ABM","HOBO"
"08/30/23 17:00:00",19.46,"deg C","20624994","20781","ABM","HOBO"
"08/30/23 18:00:00",19.341,"deg C","20624994","20781","ABM","HOBO"
"08/30/23 19:00:00",19.151,"deg C","20624994","20781","ABM","HOBO"
"08/30/23 20:00:00",19.008,"deg C","20624994","20781","ABM","HOBO"
"08/30/23 21:00:00",18.818,"deg C","20624994","20781","ABM","HOBO"
"08/30/23 22:00:00",18.628,"deg C","20624994","20781","ABM","HOBO"
"08/30/23 23:00:00",18.438,"deg C","20624994","20781","ABM","HOBO"
"08/31/23 00:00:00",18.295,"deg C","20624994","20781","ABM","HOBO"
"08/31/23 01:00:00",18.129,"deg C","20624994","20781","ABM","HOBO"
"08/31/23 02:00:00",17.962,"deg C","20624994","20781","ABM","HOBO"
"08/31/23 03:00:00",17.796,"deg C","20624994","20781","ABM","HOBO"
"08/31/23 04:00:00",17.629,"deg C","20624994","20781","ABM","HOBO"
"08/31/23 05:00:00",17.463,"deg C","20624994","20781","ABM","HOBO"
"08/31/23 06:00:00",17.296,"deg C","20624994","20781","ABM","HOBO"
"08/31/23 07:00:00",17.082,"deg C","20624994","20781","ABM","HOBO"
"08/31/23 08:00:00",16.915,"deg C","20624994","20781","ABM","HOBO"
"08/31/23 09:00:00",16.82,"deg C","20624994","20781","ABM","HOBO"
"08/31/23 10:00:00",16.82,"deg C","20624994","20781","ABM","HOBO"
"08/31/23 11:00:00",16.844,"deg C","20624994","20781","ABM","HOBO"
"08/31/23 12:00:00",16.963,"deg C","20624994","20781","ABM","HOBO"
"08/31/23 13:00:00",17.201,"deg C","20624994","20781","ABM","HOBO"
"08/31/23 14:00:00",17.344,"deg C","20624994","20781","ABM","HOBO"
"08/31/23 15:00:00",17.439,"deg C","20624994","20781","ABM","HOBO"
"08/31/23 16:00:00",17.486,"deg C","20624994","20781","ABM","HOBO"
"08/31/23 17:00:00",17.605,"deg C","20624994","20781","ABM","HOBO"
"08/31/23 18:00:00",17.605,"deg C","20624994","20781","ABM","HOBO"
"08/31/23 19:00:00",17.558,"deg C","20624994","20781","ABM","HOBO"
"08/31/23 20:00:00",17.415,"deg C","20624994","20781","ABM","HOBO"
"08/31/23 21:00:00",17.153,"deg C","20624994","20781","ABM","HOBO"
"08/31/23 22:00:00",16.868,"deg C","20624994","20781","ABM","HOBO"
"08/31/23 23:00:00",16.606,"deg C","20624994","20781","ABM","HOBO"
"09/01/23 00:00:00",16.415,"deg C","20624994","20781","ABM","HOBO"
"09/01/23 01:00:00",16.225,"deg C","20624994","20781","ABM","HOBO"
"09/01/23 02:00:00",16.034,"deg C","20624994","20781","ABM","HOBO"
"09/01/23 03:00:00",15.867,"deg C","20624994","20781","ABM","HOBO"
"09/01/23 04:00:00",15.676,"deg C","20624994","20781","ABM","HOBO"
"09/01/23 05:00:00",15.533,"deg C","20624994","20781","ABM","HOBO"
"09/01/23 06:00:00",15.366,"deg C","20624994","20781","ABM","HOBO"
"09/01/23 07:00:00",15.223,"deg C","20624994","20781","ABM","HOBO"
"09/01/23 08:00:00",15.151,"deg C","20624994","20781","ABM","HOBO"
"09/01/23 09:00:00",15.247,"deg C","20624994","20781","ABM","HOBO"
"09/01/23 10:00:00",15.438,"deg C","20624994","20781","ABM","HOBO"
"09/01/23 11:00:00",15.629,"deg C","20624994","20781","ABM","HOBO"
"09/01/23 12:00:00",15.843,"deg C","20624994","20781","ABM","HOBO"
"09/01/23 13:00:00",16.129,"deg C","20624994","20781","ABM","HOBO"
"09/01/23 14:00:00",16.392,"deg C","20624994","20781","ABM","HOBO"
"09/01/23 15:00:00",16.487,"deg C","20624994","20781","ABM","HOBO"
"09/01/23 16:00:00",16.558,"deg C","20624994","20781","ABM","HOBO"
"09/01/23 17:00:00",16.606,"deg C","20624994","20781","ABM","HOBO"
"09/01/23 18:00:00",16.63,"deg C","20624994","20781","ABM","HOBO"
"09/01/23 19:00:00",16.63,"deg C","20624994","20781","ABM","HOBO"
"09/01/23 20:00:00",16.558,"deg C","20624994","20781","ABM","HOBO"
"09/01/23 21:00:00",16.439,"deg C","20624994","20781","ABM","HOBO"
"09/01/23 22:00:00",16.272,"deg C","20624994","20781","ABM","HOBO"
"09/01/23 23:00:00",16.153,"deg C","20624994","20781","ABM","HOBO"
"09/02/23 00:00:00",16.058,"deg C","20624994","20781","ABM","HOBO"
"09/02/23 01:00:00",15.986,"deg C","20624994","20781","ABM","HOBO"
"09/02/23 02:00:00",15.891,"deg C","20624994","20781","ABM","HOBO"
"09/02/23 03:00:00",15.748,"deg C","20624994","20781","ABM","HOBO"
"09/02/23 04:00:00",15.652,"deg C","20624994","20781","ABM","HOBO"
"09/02/23 05:00:00",15.557,"deg C","20624994","20781","ABM","HOBO"
"09/02/23 06:00:00",15.485,"deg C","20624994","20781","ABM","HOBO"
"09/02/23 07:00:00",15.39,"deg C","20624994","20781","ABM","HOBO"
"09/02/23 08:00:00",15.366,"deg C","20624994","20781","ABM","HOBO"
"09/02/23 09:00:00",15.438,"deg C","20624994","20781","ABM","HOBO"
"09/02/23 10:00:00",15.581,"deg C","20624994","20781","ABM","HOBO"
"09/02/23 11:00:00",15.843,"deg C","20624994","20781","ABM","HOBO"
"09/02/23 12:00:00",16.153,"deg C","20624994","20781","ABM","HOBO"
"09/02/23 13:00:00",16.534,"deg C","20624994","20781","ABM","HOBO"
"09/02/23 14:00:00",16.773,"deg C","20624994","20781","ABM","HOBO"
"09/02/23 15:00:00",16.963,"deg C","20624994","20781","ABM","HOBO"
"09/02/23 16:00:00",17.082,"deg C","20624994","20781","ABM","HOBO"
"09/02/23 17:00:00",17.153,"deg C","20624994","20781","ABM","HOBO"
"09/02/23 18:00:00",17.153,"deg C","20624994","20781","ABM","HOBO"
"09/02/23 19:00:00",17.153,"deg C","20624994","20781","ABM","HOBO"
"09/02/23 20:00:00",17.13,"deg C","20624994","20781","ABM","HOBO"
"09/02/23 21:00:00",17.058,"deg C","20624994","20781","ABM","HOBO"
"09/02/23 22:00:00",17.034,"deg C","20624994","20781","ABM","HOBO"
"09/02/23 23:00:00",16.987,"deg C","20624994","20781","ABM","HOBO"
"09/03/23 00:00:00",16.939,"deg C","20624994","20781","ABM","HOBO"
"09/03/23 01:00:00",16.963,"deg C","20624994","20781","ABM","HOBO"
"09/03/23 02:00:00",16.939,"deg C","20624994","20781","ABM","HOBO"
"09/03/23 03:00:00",16.915,"deg C","20624994","20781","ABM","HOBO"
"09/03/23 04:00:00",16.868,"deg C","20624994","20781","ABM","HOBO"
"09/03/23 05:00:00",16.82,"deg C","20624994","20781","ABM","HOBO"
"09/03/23 06:00:00",16.773,"deg C","20624994","20781","ABM","HOBO"
"09/03/23 07:00:00",16.701,"deg C","20624994","20781","ABM","HOBO"
"09/03/23 08:00:00",16.654,"deg C","20624994","20781","ABM","HOBO"
"09/03/23 09:00:00",16.677,"deg C","20624994","20781","ABM","HOBO"
"09/03/23 10:00:00",16.725,"deg C","20624994","20781","ABM","HOBO"
"09/03/23 11:00:00",16.892,"deg C","20624994","20781","ABM","HOBO"
"09/03/23 12:00:00",17.082,"deg C","20624994","20781","ABM","HOBO"
"09/03/23 13:00:00",17.272,"deg C","20624994","20781","ABM","HOBO"
"09/03/23 14:00:00",17.51,"deg C","20624994","20781","ABM","HOBO"
"09/03/23 15:00:00",17.677,"deg C","20624994","20781","ABM","HOBO"
"09/03/23 16:00:00",17.796,"deg C","20624994","20781","ABM","HOBO"
"09/03/23 17:00:00",17.867,"deg C","20624994","20781","ABM","HOBO"
"09/03/23 18:00:00",17.891,"deg C","20624994","20781","ABM","HOBO"
"09/03/23 19:00:00",17.843,"deg C","20624994","20781","ABM","HOBO"
"09/03/23 20:00:00",17.819,"deg C","20624994","20781","ABM","HOBO"
"09/03/23 21:00:00",17.796,"deg C","20624994","20781","ABM","HOBO"
"09/03/23 22:00:00",17.796,"deg C","20624994","20781","ABM","HOBO"
"09/03/23 23:00:00",17.772,"deg C","20624994","20781","ABM","HOBO"
"09/04/23 00:00:00",17.748,"deg C","20624994","20781","ABM","HOBO"
"09/04/23 01:00:00",17.772,"deg C","20624994","20781","ABM","HOBO"
"09/04/23 02:00:00",17.772,"deg C","20624994","20781","ABM","HOBO"
"09/04/23 03:00:00",17.748,"deg C","20624994","20781","ABM","HOBO"
"09/04/23 04:00:00",17.701,"deg C","20624994","20781","ABM","HOBO"
"09/04/23 05:00:00",17.653,"deg C","20624994","20781","ABM","HOBO"
"09/04/23 06:00:00",17.605,"deg C","20624994","20781","ABM","HOBO"
"09/04/23 07:00:00",17.558,"deg C","20624994","20781","ABM","HOBO"
"09/04/23 08:00:00",17.558,"deg C","20624994","20781","ABM","HOBO"
"09/04/23 09:00:00",17.582,"deg C","20624994","20781","ABM","HOBO"
"09/04/23 10:00:00",17.653,"deg C","20624994","20781","ABM","HOBO"
"09/04/23 11:00:00",17.772,"deg C","20624994","20781","ABM","HOBO"
"09/04/23 12:00:00",17.962,"deg C","20624994","20781","ABM","HOBO"
"09/04/23 13:00:00",18.152,"deg C","20624994","20781","ABM","HOBO"
"09/04/23 14:00:00",18.295,"deg C","20624994","20781","ABM","HOBO"
"09/04/23 15:00:00",18.39,"deg C","20624994","20781","ABM","HOBO"
"09/04/23 16:00:00",18.39,"deg C","20624994","20781","ABM","HOBO"
"09/04/23 17:00:00",18.343,"deg C","20624994","20781","ABM","HOBO"
"09/04/23 18:00:00",18.295,"deg C","20624994","20781","ABM","HOBO"
"09/04/23 19:00:00",18.247,"deg C","20624994","20781","ABM","HOBO"
"09/04/23 20:00:00",18.224,"deg C","20624994","20781","ABM","HOBO"
"09/04/23 21:00:00",18.2,"deg C","20624994","20781","ABM","HOBO"
"09/04/23 22:00:00",18.2,"deg C","20624994","20781","ABM","HOBO"
"09/04/23 23:00:00",18.2,"deg C","20624994","20781","ABM","HOBO"
"09/05/23 00:00:00",18.224,"deg C","20624994","20781","ABM","HOBO"
"09/05/23 01:00:00",18.295,"deg C","20624994","20781","ABM","HOBO"
"09/05/23 02:00:00",18.414,"deg C","20624994","20781","ABM","HOBO"
"09/05/23 03:00:00",18.485,"deg C","20624994","20781","ABM","HOBO"
"09/05/23 04:00:00",18.485,"deg C","20624994","20781","ABM","HOBO"
"09/05/23 05:00:00",18.461,"deg C","20624994","20781","ABM","HOBO"
"09/05/23 06:00:00",18.438,"deg C","20624994","20781","ABM","HOBO"
"09/05/23 07:00:00",18.438,"deg C","20624994","20781","ABM","HOBO"
"09/05/23 08:00:00",18.438,"deg C","20624994","20781","ABM","HOBO"
"09/05/23 09:00:00",18.485,"deg C","20624994","20781","ABM","HOBO"
"09/05/23 10:00:00",18.533,"deg C","20624994","20781","ABM","HOBO"
"09/05/23 11:00:00",18.675,"deg C","20624994","20781","ABM","HOBO"
"09/05/23 12:00:00",18.794,"deg C","20624994","20781","ABM","HOBO"
"09/05/23 13:00:00",18.866,"deg C","20624994","20781","ABM","HOBO"
"09/05/23 14:00:00",18.794,"deg C","20624994","20781","ABM","HOBO"
"09/05/23 15:00:00",18.723,"deg C","20624994","20781","ABM","HOBO"
"09/05/23 16:00:00",18.699,"deg C","20624994","20781","ABM","HOBO"
"09/05/23 17:00:00",18.675,"deg C","20624994","20781","ABM","HOBO"
"09/05/23 18:00:00",18.675,"deg C","20624994","20781","ABM","HOBO"
"09/05/23 19:00:00",18.652,"deg C","20624994","20781","ABM","HOBO"
"09/05/23 20:00:00",18.652,"deg C","20624994","20781","ABM","HOBO"
"09/05/23 21:00:00",18.628,"deg C","20624994","20781","ABM","HOBO"
"09/05/23 22:00:00",18.58,"deg C","20624994","20781","ABM","HOBO"
"09/05/23 23:00:00",18.58,"deg C","20624994","20781","ABM","HOBO"
"09/06/23 00:00:00",18.604,"deg C","20624994","20781","ABM","HOBO"
"09/06/23 01:00:00",18.652,"deg C","20624994","20781","ABM","HOBO"
"09/06/23 02:00:00",18.723,"deg C","20624994","20781","ABM","HOBO"
"09/06/23 03:00:00",18.866,"deg C","20624994","20781","ABM","HOBO"
"09/06/23 04:00:00",19.056,"deg C","20624994","20781","ABM","HOBO"
"09/06/23 05:00:00",19.151,"deg C","20624994","20781","ABM","HOBO"
"09/06/23 06:00:00",19.175,"deg C","20624994","20781","ABM","HOBO"
"09/06/23 07:00:00",19.175,"deg C","20624994","20781","ABM","HOBO"
"09/06/23 08:00:00",19.175,"deg C","20624994","20781","ABM","HOBO"
"09/06/23 09:00:00",19.222,"deg C","20624994","20781","ABM","HOBO"
"09/06/23 10:00:00",19.294,"deg C","20624994","20781","ABM","HOBO"
"09/06/23 11:00:00",19.413,"deg C","20624994","20781","ABM","HOBO"
"09/06/23 12:00:00",19.484,"deg C","20624994","20781","ABM","HOBO"
"09/06/23 13:00:00",19.532,"deg C","20624994","20781","ABM","HOBO"
"09/06/23 14:00:00",19.532,"deg C","20624994","20781","ABM","HOBO"
"09/06/23 15:00:00",19.389,"deg C","20624994","20781","ABM","HOBO"
"09/06/23 16:00:00",19.294,"deg C","20624994","20781","ABM","HOBO"
"09/06/23 17:00:00",19.222,"deg C","20624994","20781","ABM","HOBO"
"09/06/23 18:00:00",19.175,"deg C","20624994","20781","ABM","HOBO"
"09/06/23 19:00:00",19.127,"deg C","20624994","20781","ABM","HOBO"
"09/06/23 20:00:00",19.08,"deg C","20624994","20781","ABM","HOBO"
"09/06/23 21:00:00",19.056,"deg C","20624994","20781","ABM","HOBO"
"09/06/23 22:00:00",19.008,"deg C","20624994","20781","ABM","HOBO"
"09/06/23 23:00:00",18.985,"deg C","20624994","20781","ABM","HOBO"
"09/07/23 00:00:00",18.937,"deg C","20624994","20781","ABM","HOBO"
"09/07/23 01:00:00",18.961,"deg C","20624994","20781","ABM","HOBO"
"09/07/23 02:00:00",19.008,"deg C","20624994","20781","ABM","HOBO"
"09/07/23 03:00:00",19.08,"deg C","20624994","20781","ABM","HOBO"
"09/07/23 04:00:00",19.151,"deg C","20624994","20781","ABM","HOBO"
"09/07/23 05:00:00",19.175,"deg C","20624994","20781","ABM","HOBO"
"09/07/23 06:00:00",19.175,"deg C","20624994","20781","ABM","HOBO"
"09/07/23 07:00:00",19.151,"deg C","20624994","20781","ABM","HOBO"
"09/07/23 08:00:00",19.151,"deg C","20624994","20781","ABM","HOBO"
"09/07/23 09:00:00",19.175,"deg C","20624994","20781","ABM","HOBO"
"09/07/23 10:00:00",19.246,"deg C","20624994","20781","ABM","HOBO"
"09/07/23 11:00:00",19.389,"deg C","20624994","20781","ABM","HOBO"
"09/07/23 12:00:00",19.508,"deg C","20624994","20781","ABM","HOBO"
"09/07/23 13:00:00",20.555,"deg C","20624994","20781","ABM","HOBO"
"09/07/23 14:00:00",20.841,"deg C","20624994","20781","ABM","HOBO"
"09/07/23 15:00:00",20.698,"deg C","20624994","20781","ABM","HOBO"
"09/07/23 16:00:00",20.627,"deg C","20624994","20781","ABM","HOBO"
"09/07/23 17:00:00",20.365,"deg C","20624994","20781","ABM","HOBO"
"09/07/23 18:00:00",20.15,"deg C","20624994","20781","ABM","HOBO"
"09/07/23 19:00:00",20.007,"deg C","20624994","20781","ABM","HOBO"
"09/07/23 20:00:00",19.888,"deg C","20624994","20781","ABM","HOBO"
"09/07/23 21:00:00",19.912,"deg C","20624994","20781","ABM","HOBO"
"09/07/23 22:00:00",19.793,"deg C","20624994","20781","ABM","HOBO"
"09/07/23 23:00:00",19.698,"deg C","20624994","20781","ABM","HOBO"
"09/08/23 00:00:00",19.603,"deg C","20624994","20781","ABM","HOBO"
"09/08/23 01:00:00",19.555,"deg C","20624994","20781","ABM","HOBO"
"09/08/23 02:00:00",19.508,"deg C","20624994","20781","ABM","HOBO"
"09/08/23 03:00:00",19.46,"deg C","20624994","20781","ABM","HOBO"
"09/08/23 04:00:00",19.389,"deg C","20624994","20781","ABM","HOBO"
"09/08/23 05:00:00",19.318,"deg C","20624994","20781","ABM","HOBO"
"09/08/23 06:00:00",19.246,"deg C","20624994","20781","ABM","HOBO"
"09/08/23 07:00:00",19.175,"deg C","20624994","20781","ABM","HOBO"
"09/08/23 08:00:00",19.103,"deg C","20624994","20781","ABM","HOBO"
"09/08/23 09:00:00",19.08,"deg C","20624994","20781","ABM","HOBO"
"09/08/23 10:00:00",19.08,"deg C","20624994","20781","ABM","HOBO"
"09/08/23 11:00:00",19.103,"deg C","20624994","20781","ABM","HOBO"
"09/08/23 12:00:00",19.199,"deg C","20624994","20781","ABM","HOBO"
"09/08/23 13:00:00",19.27,"deg C","20624994","20781","ABM","HOBO"
"09/08/23 14:00:00",19.318,"deg C","20624994","20781","ABM","HOBO"
"09/08/23 15:00:00",19.318,"deg C","20624994","20781","ABM","HOBO"
"09/08/23 16:00:00",19.318,"deg C","20624994","20781","ABM","HOBO"
"09/08/23 17:00:00",19.294,"deg C","20624994","20781","ABM","HOBO"
"09/08/23 18:00:00",19.294,"deg C","20624994","20781","ABM","HOBO"
"09/08/23 19:00:00",19.318,"deg C","20624994","20781","ABM","HOBO"
"09/08/23 20:00:00",19.365,"deg C","20624994","20781","ABM","HOBO"
"09/08/23 21:00:00",19.341,"deg C","20624994","20781","ABM","HOBO"
"09/08/23 22:00:00",19.389,"deg C","20624994","20781","ABM","HOBO"
"09/08/23 23:00:00",19.365,"deg C","20624994","20781","ABM","HOBO"
"09/09/23 00:00:00",19.365,"deg C","20624994","20781","ABM","HOBO"
"09/09/23 01:00:00",19.365,"deg C","20624994","20781","ABM","HOBO"
"09/09/23 02:00:00",19.294,"deg C","20624994","20781","ABM","HOBO"
"09/09/23 03:00:00",19.199,"deg C","20624994","20781","ABM","HOBO"
"09/09/23 04:00:00",19.151,"deg C","20624994","20781","ABM","HOBO"
"09/09/23 05:00:00",19.127,"deg C","20624994","20781","ABM","HOBO"
"09/09/23 06:00:00",19.103,"deg C","20624994","20781","ABM","HOBO"
"09/09/23 07:00:00",19.056,"deg C","20624994","20781","ABM","HOBO"
"09/09/23 08:00:00",19.008,"deg C","20624994","20781","ABM","HOBO"
"09/09/23 09:00:00",18.961,"deg C","20624994","20781","ABM","HOBO"
"09/09/23 10:00:00",18.961,"deg C","20624994","20781","ABM","HOBO"
"09/09/23 11:00:00",18.985,"deg C","20624994","20781","ABM","HOBO"
"09/09/23 12:00:00",19.008,"deg C","20624994","20781","ABM","HOBO"
"09/09/23 13:00:00",19.08,"deg C","20624994","20781","ABM","HOBO"
"09/09/23 14:00:00",19.246,"deg C","20624994","20781","ABM","HOBO"
"09/09/23 15:00:00",19.413,"deg C","20624994","20781","ABM","HOBO"
"09/09/23 16:00:00",19.532,"deg C","20624994","20781","ABM","HOBO"
"09/09/23 17:00:00",19.603,"deg C","20624994","20781","ABM","HOBO"
"09/09/23 18:00:00",19.627,"deg C","20624994","20781","ABM","HOBO"
"09/09/23 19:00:00",20.889,"deg C","20624994","20781","ABM","HOBO"
"09/09/23 20:00:00",20.579,"deg C","20624994","20781","ABM","HOBO"
"09/09/23 21:00:00",20.436,"deg C","20624994","20781","ABM","HOBO"
"09/09/23 22:00:00",20.269,"deg C","20624994","20781","ABM","HOBO"
"09/09/23 23:00:00",20.15,"deg C","20624994","20781","ABM","HOBO"
"09/10/23 00:00:00",20.055,"deg C","20624994","20781","ABM","HOBO"
"09/10/23 01:00:00",19.984,"deg C","20624994","20781","ABM","HOBO"
"09/10/23 02:00:00",19.888,"deg C","20624994","20781","ABM","HOBO"
"09/10/23 03:00:00",19.793,"deg C","20624994","20781","ABM","HOBO"
"09/10/23 04:00:00",19.651,"deg C","20624994","20781","ABM","HOBO"
"09/10/23 05:00:00",19.484,"deg C","20624994","20781","ABM","HOBO"
"09/10/23 06:00:00",19.341,"deg C","20624994","20781","ABM","HOBO"
"09/10/23 07:00:00",19.318,"deg C","20624994","20781","ABM","HOBO"
"09/10/23 08:00:00",19.318,"deg C","20624994","20781","ABM","HOBO"
"09/10/23 09:00:00",19.341,"deg C","20624994","20781","ABM","HOBO"
"09/10/23 10:00:00",19.436,"deg C","20624994","20781","ABM","HOBO"
"09/10/23 11:00:00",19.579,"deg C","20624994","20781","ABM","HOBO"
"09/10/23 12:00:00",19.865,"deg C","20624994","20781","ABM","HOBO"
"09/10/23 13:00:00",20.293,"deg C","20624994","20781","ABM","HOBO"
"09/10/23 14:00:00",20.293,"deg C","20624994","20781","ABM","HOBO"
"09/10/23 15:00:00",20.15,"deg C","20624994","20781","ABM","HOBO"
"09/10/23 16:00:00",20.15,"deg C","20624994","20781","ABM","HOBO"
"09/10/23 17:00:00",19.984,"deg C","20624994","20781","ABM","HOBO"
"09/10/23 18:00:00",19.936,"deg C","20624994","20781","ABM","HOBO"
"09/10/23 19:00:00",19.936,"deg C","20624994","20781","ABM","HOBO"
"09/10/23 20:00:00",19.96,"deg C","20624994","20781","ABM","HOBO"
"09/10/23 21:00:00",19.912,"deg C","20624994","20781","ABM","HOBO"
"09/10/23 22:00:00",19.817,"deg C","20624994","20781","ABM","HOBO"
"09/10/23 23:00:00",19.746,"deg C","20624994","20781","ABM","HOBO"
"09/11/23 00:00:00",19.674,"deg C","20624994","20781","ABM","HOBO"
"09/11/23 01:00:00",19.603,"deg C","20624994","20781","ABM","HOBO"
"09/11/23 02:00:00",19.555,"deg C","20624994","20781","ABM","HOBO"
"09/11/23 03:00:00",19.508,"deg C","20624994","20781","ABM","HOBO"
"09/11/23 04:00:00",19.579,"deg C","20624994","20781","ABM","HOBO"
"09/11/23 05:00:00",19.555,"deg C","20624994","20781","ABM","HOBO"
"09/11/23 06:00:00",19.508,"deg C","20624994","20781","ABM","HOBO"
"09/11/23 07:00:00",19.46,"deg C","20624994","20781","ABM","HOBO"
"09/11/23 08:00:00",19.318,"deg C","20624994","20781","ABM","HOBO"
"09/11/23 09:00:00",19.246,"deg C","20624994","20781","ABM","HOBO"
"09/11/23 10:00:00",19.341,"deg C","20624994","20781","ABM","HOBO"
"09/11/23 11:00:00",19.651,"deg C","20624994","20781","ABM","HOBO"
"09/11/23 12:00:00",19.746,"deg C","20624994","20781","ABM","HOBO"
"09/11/23 13:00:00",19.865,"deg C","20624994","20781","ABM","HOBO"
"09/11/23 14:00:00",20.198,"deg C","20624994","20781","ABM","HOBO"
"09/11/23 15:00:00",20.531,"deg C","20624994","20781","ABM","HOBO"
"09/11/23 16:00:00",20.555,"deg C","20624994","20781","ABM","HOBO"
"09/11/23 17:00:00",20.317,"deg C","20624994","20781","ABM","HOBO"
"09/11/23 18:00:00",20.388,"deg C","20624994","20781","ABM","HOBO"
"09/11/23 19:00:00",20.317,"deg C","20624994","20781","ABM","HOBO"
"09/11/23 20:00:00",20.174,"deg C","20624994","20781","ABM","HOBO"
"09/11/23 21:00:00",20.055,"deg C","20624994","20781","ABM","HOBO"
"09/11/23 22:00:00",20.007,"deg C","20624994","20781","ABM","HOBO"
"09/11/23 23:00:00",19.865,"deg C","20624994","20781","ABM","HOBO"
"09/12/23 00:00:00",19.746,"deg C","20624994","20781","ABM","HOBO"
"09/12/23 01:00:00",19.651,"deg C","20624994","20781","ABM","HOBO"
"09/12/23 02:00:00",19.627,"deg C","20624994","20781","ABM","HOBO"
"09/12/23 03:00:00",19.484,"deg C","20624994","20781","ABM","HOBO"
"09/12/23 04:00:00",19.436,"deg C","20624994","20781","ABM","HOBO"
"09/12/23 05:00:00",19.341,"deg C","20624994","20781","ABM","HOBO"
"09/12/23 06:00:00",19.27,"deg C","20624994","20781","ABM","HOBO"
"09/12/23 07:00:00",19.222,"deg C","20624994","20781","ABM","HOBO"
"09/12/23 08:00:00",19.199,"deg C","20624994","20781","ABM","HOBO"
"09/12/23 09:00:00",19.27,"deg C","20624994","20781","ABM","HOBO"
"09/12/23 10:00:00",19.365,"deg C","20624994","20781","ABM","HOBO"
"09/12/23 11:00:00",19.532,"deg C","20624994","20781","ABM","HOBO"
"09/12/23 12:00:00",19.817,"deg C","20624994","20781","ABM","HOBO"
"09/12/23 13:00:00",20.103,"deg C","20624994","20781","ABM","HOBO"
"09/12/23 14:00:00",20.531,"deg C","20624994","20781","ABM","HOBO"
"09/12/23 15:00:00",20.698,"deg C","20624994","20781","ABM","HOBO"
"09/12/23 16:00:00",20.65,"deg C","20624994","20781","ABM","HOBO"
"09/12/23 17:00:00",20.65,"deg C","20624994","20781","ABM","HOBO"
"09/12/23 18:00:00",20.627,"deg C","20624994","20781","ABM","HOBO"
"09/12/23 19:00:00",20.436,"deg C","20624994","20781","ABM","HOBO"
"09/12/23 20:00:00",20.15,"deg C","20624994","20781","ABM","HOBO"
"09/12/23 21:00:00",19.936,"deg C","20624994","20781","ABM","HOBO"
"09/12/23 22:00:00",19.698,"deg C","20624994","20781","ABM","HOBO"
"09/12/23 23:00:00",19.508,"deg C","20624994","20781","ABM","HOBO"
"09/13/23 00:00:00",19.318,"deg C","20624994","20781","ABM","HOBO"
"09/13/23 01:00:00",19.175,"deg C","20624994","20781","ABM","HOBO"
"09/13/23 02:00:00",19.08,"deg C","20624994","20781","ABM","HOBO"
"09/13/23 03:00:00",19.008,"deg C","20624994","20781","ABM","HOBO"
"09/13/23 04:00:00",18.961,"deg C","20624994","20781","ABM","HOBO"
"09/13/23 05:00:00",18.889,"deg C","20624994","20781","ABM","HOBO"
"09/13/23 06:00:00",18.842,"deg C","20624994","20781","ABM","HOBO"
"09/13/23 07:00:00",18.842,"deg C","20624994","20781","ABM","HOBO"
"09/13/23 08:00:00",18.842,"deg C","20624994","20781","ABM","HOBO"
"09/13/23 09:00:00",19.056,"deg C","20624994","20781","ABM","HOBO"
"09/13/23 10:00:00",19.151,"deg C","20624994","20781","ABM","HOBO"
"09/13/23 11:00:00",19.127,"deg C","20624994","20781","ABM","HOBO"
"09/13/23 12:00:00",19.151,"deg C","20624994","20781","ABM","HOBO"
"09/13/23 13:00:00",19.246,"deg C","20624994","20781","ABM","HOBO"
"09/13/23 14:00:00",19.341,"deg C","20624994","20781","ABM","HOBO"
"09/13/23 15:00:00",19.532,"deg C","20624994","20781","ABM","HOBO"
"09/13/23 16:00:00",19.579,"deg C","20624994","20781","ABM","HOBO"
"09/13/23 17:00:00",19.674,"deg C","20624994","20781","ABM","HOBO"
"09/13/23 18:00:00",19.722,"deg C","20624994","20781","ABM","HOBO"
"09/13/23 19:00:00",19.722,"deg C","20624994","20781","ABM","HOBO"
"09/13/23 20:00:00",19.627,"deg C","20624994","20781","ABM","HOBO"
"09/13/23 21:00:00",19.484,"deg C","20624994","20781","ABM","HOBO"
"09/13/23 22:00:00",19.222,"deg C","20624994","20781","ABM","HOBO"
"09/13/23 23:00:00",19.056,"deg C","20624994","20781","ABM","HOBO"
"09/14/23 00:00:00",18.889,"deg C","20624994","20781","ABM","HOBO"
"09/14/23 01:00:00",18.723,"deg C","20624994","20781","ABM","HOBO"
"09/14/23 02:00:00",18.533,"deg C","20624994","20781","ABM","HOBO"
"09/14/23 03:00:00",18.271,"deg C","20624994","20781","ABM","HOBO"
"09/14/23 04:00:00",17.962,"deg C","20624994","20781","ABM","HOBO"
"09/14/23 05:00:00",17.724,"deg C","20624994","20781","ABM","HOBO"
"09/14/23 06:00:00",17.439,"deg C","20624994","20781","ABM","HOBO"
"09/14/23 07:00:00",17.225,"deg C","20624994","20781","ABM","HOBO"
"09/14/23 08:00:00",17.153,"deg C","20624994","20781","ABM","HOBO"
"09/14/23 09:00:00",17.201,"deg C","20624994","20781","ABM","HOBO"
"09/14/23 10:00:00",17.344,"deg C","20624994","20781","ABM","HOBO"
"09/14/23 11:00:00",17.558,"deg C","20624994","20781","ABM","HOBO"
"09/14/23 12:00:00",17.819,"deg C","20624994","20781","ABM","HOBO"
"09/14/23 13:00:00",18.081,"deg C","20624994","20781","ABM","HOBO"
"09/14/23 14:00:00",18.295,"deg C","20624994","20781","ABM","HOBO"
"09/14/23 15:00:00",18.461,"deg C","20624994","20781","ABM","HOBO"
"09/14/23 16:00:00",18.533,"deg C","20624994","20781","ABM","HOBO"
"09/14/23 17:00:00",18.533,"deg C","20624994","20781","ABM","HOBO"
"09/14/23 18:00:00",18.414,"deg C","20624994","20781","ABM","HOBO"
"09/14/23 19:00:00",18.176,"deg C","20624994","20781","ABM","HOBO"
"09/14/23 20:00:00",17.796,"deg C","20624994","20781","ABM","HOBO"
"09/14/23 21:00:00",17.463,"deg C","20624994","20781","ABM","HOBO"
"09/14/23 22:00:00",17.177,"deg C","20624994","20781","ABM","HOBO"
"09/14/23 23:00:00",16.915,"deg C","20624994","20781","ABM","HOBO"
"09/15/23 00:00:00",16.654,"deg C","20624994","20781","ABM","HOBO"
"09/15/23 01:00:00",16.439,"deg C","20624994","20781","ABM","HOBO"
"09/15/23 02:00:00",16.225,"deg C","20624994","20781","ABM","HOBO"
"09/15/23 03:00:00",16.034,"deg C","20624994","20781","ABM","HOBO"
"09/15/23 04:00:00",15.843,"deg C","20624994","20781","ABM","HOBO"
"09/15/23 05:00:00",15.652,"deg C","20624994","20781","ABM","HOBO"
"09/15/23 06:00:00",15.438,"deg C","20624994","20781","ABM","HOBO"
"09/15/23 07:00:00",15.247,"deg C","20624994","20781","ABM","HOBO"
"09/15/23 08:00:00",15.127,"deg C","20624994","20781","ABM","HOBO"
"09/15/23 09:00:00",15.127,"deg C","20624994","20781","ABM","HOBO"
"09/15/23 10:00:00",15.151,"deg C","20624994","20781","ABM","HOBO"
"09/15/23 11:00:00",15.247,"deg C","20624994","20781","ABM","HOBO"
"09/15/23 12:00:00",15.39,"deg C","20624994","20781","ABM","HOBO"
"09/15/23 13:00:00",15.557,"deg C","20624994","20781","ABM","HOBO"
"09/15/23 14:00:00",15.772,"deg C","20624994","20781","ABM","HOBO"
"09/15/23 15:00:00",15.915,"deg C","20624994","20781","ABM","HOBO"
"09/15/23 16:00:00",16.034,"deg C","20624994","20781","ABM","HOBO"
"09/15/23 17:00:00",16.106,"deg C","20624994","20781","ABM","HOBO"
"09/15/23 18:00:00",16.153,"deg C","20624994","20781","ABM","HOBO"
"09/15/23 19:00:00",16.153,"deg C","20624994","20781","ABM","HOBO"
"09/15/23 20:00:00",16.106,"deg C","20624994","20781","ABM","HOBO"
"09/15/23 21:00:00",16.034,"deg C","20624994","20781","ABM","HOBO"
"09/15/23 22:00:00",15.939,"deg C","20624994","20781","ABM","HOBO"
"09/15/23 23:00:00",15.819,"deg C","20624994","20781","ABM","HOBO"
"09/16/23 00:00:00",15.7,"deg C","20624994","20781","ABM","HOBO"
"09/16/23 01:00:00",15.629,"deg C","20624994","20781","ABM","HOBO"
"09/16/23 02:00:00",15.557,"deg C","20624994","20781","ABM","HOBO"
"09/16/23 03:00:00",15.461,"deg C","20624994","20781","ABM","HOBO"
"09/16/23 04:00:00",15.366,"deg C","20624994","20781","ABM","HOBO"
"09/16/23 05:00:00",15.27,"deg C","20624994","20781","ABM","HOBO"
"09/16/23 06:00:00",15.151,"deg C","20624994","20781","ABM","HOBO"
"09/16/23 07:00:00",15.055,"deg C","20624994","20781","ABM","HOBO"
"09/16/23 08:00:00",14.984,"deg C","20624994","20781","ABM","HOBO"
"09/16/23 09:00:00",14.888,"deg C","20624994","20781","ABM","HOBO"
"09/16/23 10:00:00",14.912,"deg C","20624994","20781","ABM","HOBO"
"09/16/23 11:00:00",15.055,"deg C","20624994","20781","ABM","HOBO"
"09/16/23 12:00:00",15.247,"deg C","20624994","20781","ABM","HOBO"
"09/16/23 13:00:00",15.438,"deg C","20624994","20781","ABM","HOBO"
"09/16/23 14:00:00",15.605,"deg C","20624994","20781","ABM","HOBO"
"09/16/23 15:00:00",15.748,"deg C","20624994","20781","ABM","HOBO"
"09/16/23 16:00:00",15.867,"deg C","20624994","20781","ABM","HOBO"
"09/16/23 17:00:00",15.986,"deg C","20624994","20781","ABM","HOBO"
"09/16/23 18:00:00",16.058,"deg C","20624994","20781","ABM","HOBO"
"09/16/23 19:00:00",16.082,"deg C","20624994","20781","ABM","HOBO"
"09/16/23 20:00:00",16.082,"deg C","20624994","20781","ABM","HOBO"
"09/16/23 21:00:00",16.034,"deg C","20624994","20781","ABM","HOBO"
"09/16/23 22:00:00",15.963,"deg C","20624994","20781","ABM","HOBO"
"09/16/23 23:00:00",15.867,"deg C","20624994","20781","ABM","HOBO"
"09/17/23 00:00:00",15.724,"deg C","20624994","20781","ABM","HOBO"
"09/17/23 01:00:00",15.581,"deg C","20624994","20781","ABM","HOBO"
"09/17/23 02:00:00",15.461,"deg C","20624994","20781","ABM","HOBO"
"09/17/23 03:00:00",15.318,"deg C","20624994","20781","ABM","HOBO"
"09/17/23 04:00:00",15.103,"deg C","20624994","20781","ABM","HOBO"
"09/17/23 05:00:00",14.912,"deg C","20624994","20781","ABM","HOBO"
"09/17/23 06:00:00",14.792,"deg C","20624994","20781","ABM","HOBO"
"09/17/23 07:00:00",14.721,"deg C","20624994","20781","ABM","HOBO"
"09/17/23 08:00:00",14.697,"deg C","20624994","20781","ABM","HOBO"
"09/17/23 09:00:00",14.792,"deg C","20624994","20781","ABM","HOBO"
"09/17/23 10:00:00",14.984,"deg C","20624994","20781","ABM","HOBO"
"09/17/23 11:00:00",15.247,"deg C","20624994","20781","ABM","HOBO"
"09/17/23 12:00:00",15.629,"deg C","20624994","20781","ABM","HOBO"
"09/17/23 13:00:00",15.986,"deg C","20624994","20781","ABM","HOBO"
"09/17/23 14:00:00",16.272,"deg C","20624994","20781","ABM","HOBO"
"09/17/23 15:00:00",16.487,"deg C","20624994","20781","ABM","HOBO"
"09/17/23 16:00:00",16.606,"deg C","20624994","20781","ABM","HOBO"
"09/17/23 17:00:00",16.677,"deg C","20624994","20781","ABM","HOBO"
"09/17/23 18:00:00",16.725,"deg C","20624994","20781","ABM","HOBO"
"09/17/23 19:00:00",16.701,"deg C","20624994","20781","ABM","HOBO"
"09/17/23 20:00:00",16.63,"deg C","20624994","20781","ABM","HOBO"
"09/17/23 21:00:00",16.558,"deg C","20624994","20781","ABM","HOBO"
"09/17/23 22:00:00",16.487,"deg C","20624994","20781","ABM","HOBO"
"09/17/23 23:00:00",16.439,"deg C","20624994","20781","ABM","HOBO"
"09/18/23 00:00:00",16.392,"deg C","20624994","20781","ABM","HOBO"
"09/18/23 01:00:00",16.344,"deg C","20624994","20781","ABM","HOBO"
"09/18/23 02:00:00",16.296,"deg C","20624994","20781","ABM","HOBO"
"09/18/23 03:00:00",16.249,"deg C","20624994","20781","ABM","HOBO"
"09/18/23 04:00:00",16.225,"deg C","20624994","20781","ABM","HOBO"
"09/18/23 05:00:00",16.177,"deg C","20624994","20781","ABM","HOBO"
"09/18/23 06:00:00",16.129,"deg C","20624994","20781","ABM","HOBO"
"09/18/23 07:00:00",16.106,"deg C","20624994","20781","ABM","HOBO"
"09/18/23 08:00:00",16.106,"deg C","20624994","20781","ABM","HOBO"
"09/18/23 09:00:00",16.177,"deg C","20624994","20781","ABM","HOBO"
"09/18/23 10:00:00",16.272,"deg C","20624994","20781","ABM","HOBO"
"09/18/23 11:00:00",16.392,"deg C","20624994","20781","ABM","HOBO"
"09/18/23 12:00:00",16.439,"deg C","20624994","20781","ABM","HOBO"
"09/18/23 13:00:00",16.487,"deg C","20624994","20781","ABM","HOBO"
"09/18/23 14:00:00",16.558,"deg C","20624994","20781","ABM","HOBO"
"09/18/23 15:00:00",16.701,"deg C","20624994","20781","ABM","HOBO"
"09/18/23 16:00:00",16.773,"deg C","20624994","20781","ABM","HOBO"
"09/18/23 17:00:00",16.796,"deg C","20624994","20781","ABM","HOBO"
"09/18/23 18:00:00",16.82,"deg C","20624994","20781","ABM","HOBO"
"09/18/23 19:00:00",16.796,"deg C","20624994","20781","ABM","HOBO"
"09/18/23 20:00:00",16.773,"deg C","20624994","20781","ABM","HOBO"
"09/18/23 21:00:00",16.725,"deg C","20624994","20781","ABM","HOBO"
"09/18/23 22:00:00",16.606,"deg C","20624994","20781","ABM","HOBO"
"09/18/23 23:00:00",16.558,"deg C","20624994","20781","ABM","HOBO"
"09/19/23 00:00:00",16.439,"deg C","20624994","20781","ABM","HOBO"
"09/19/23 01:00:00",16.32,"deg C","20624994","20781","ABM","HOBO"
"09/19/23 02:00:00",16.177,"deg C","20624994","20781","ABM","HOBO"
"09/19/23 03:00:00",16.082,"deg C","20624994","20781","ABM","HOBO"
"09/19/23 04:00:00",16.01,"deg C","20624994","20781","ABM","HOBO"
"09/19/23 05:00:00",15.939,"deg C","20624994","20781","ABM","HOBO"
"09/19/23 06:00:00",15.796,"deg C","20624994","20781","ABM","HOBO"
"09/19/23 07:00:00",15.7,"deg C","20624994","20781","ABM","HOBO"
"09/19/23 08:00:00",15.605,"deg C","20624994","20781","ABM","HOBO"
"09/19/23 09:00:00",15.629,"deg C","20624994","20781","ABM","HOBO"
"09/19/23 10:00:00",15.796,"deg C","20624994","20781","ABM","HOBO"
"09/19/23 11:00:00",16.01,"deg C","20624994","20781","ABM","HOBO"
"09/19/23 12:00:00",16.201,"deg C","20624994","20781","ABM","HOBO"
"09/19/23 13:00:00",16.368,"deg C","20624994","20781","ABM","HOBO"
"09/19/23 14:00:00",16.511,"deg C","20624994","20781","ABM","HOBO"
"09/19/23 15:00:00",16.606,"deg C","20624994","20781","ABM","HOBO"
"09/19/23 16:00:00",16.677,"deg C","20624994","20781","ABM","HOBO"
"09/19/23 17:00:00",16.63,"deg C","20624994","20781","ABM","HOBO"
"09/19/23 18:00:00",16.582,"deg C","20624994","20781","ABM","HOBO"
"09/19/23 19:00:00",16.487,"deg C","20624994","20781","ABM","HOBO"
"09/19/23 20:00:00",16.368,"deg C","20624994","20781","ABM","HOBO"
"09/19/23 21:00:00",16.177,"deg C","20624994","20781","ABM","HOBO"
"09/19/23 22:00:00",16.01,"deg C","20624994","20781","ABM","HOBO"
"09/19/23 23:00:00",15.819,"deg C","20624994","20781","ABM","HOBO"
"09/20/23 00:00:00",15.557,"deg C","20624994","20781","ABM","HOBO"
"09/20/23 01:00:00",15.318,"deg C","20624994","20781","ABM","HOBO"
"09/20/23 02:00:00",15.031,"deg C","20624994","20781","ABM","HOBO"
"09/20/23 03:00:00",14.816,"deg C","20624994","20781","ABM","HOBO"
"09/20/23 04:00:00",14.625,"deg C","20624994","20781","ABM","HOBO"
"09/20/23 05:00:00",14.481,"deg C","20624994","20781","ABM","HOBO"
"09/20/23 06:00:00",14.337,"deg C","20624994","20781","ABM","HOBO"
"09/20/23 07:00:00",14.242,"deg C","20624994","20781","ABM","HOBO"
"09/20/23 08:00:00",14.146,"deg C","20624994","20781","ABM","HOBO"
"09/20/23 09:00:00",14.218,"deg C","20624994","20781","ABM","HOBO"
"09/20/23 10:00:00",14.409,"deg C","20624994","20781","ABM","HOBO"
"09/20/23 11:00:00",14.745,"deg C","20624994","20781","ABM","HOBO"
"09/20/23 12:00:00",15.127,"deg C","20624994","20781","ABM","HOBO"
"09/20/23 13:00:00",15.485,"deg C","20624994","20781","ABM","HOBO"
"09/20/23 14:00:00",15.7,"deg C","20624994","20781","ABM","HOBO"
"09/20/23 15:00:00",15.796,"deg C","20624994","20781","ABM","HOBO"
"09/20/23 16:00:00",15.819,"deg C","20624994","20781","ABM","HOBO"
"09/20/23 17:00:00",15.891,"deg C","20624994","20781","ABM","HOBO"
"09/20/23 18:00:00",15.891,"deg C","20624994","20781","ABM","HOBO"
"09/20/23 19:00:00",15.796,"deg C","20624994","20781","ABM","HOBO"
"09/20/23 20:00:00",15.605,"deg C","20624994","20781","ABM","HOBO"
"09/20/23 21:00:00",15.366,"deg C","20624994","20781","ABM","HOBO"
"09/20/23 22:00:00",15.151,"deg C","20624994","20781","ABM","HOBO"
"09/20/23 23:00:00",15.008,"deg C","20624994","20781","ABM","HOBO"
"09/21/23 00:00:00",14.864,"deg C","20624994","20781","ABM","HOBO"
"09/21/23 01:00:00",14.697,"deg C","20624994","20781","ABM","HOBO"
"09/21/23 02:00:00",14.553,"deg C","20624994","20781","ABM","HOBO"
"09/21/23 03:00:00",14.409,"deg C","20624994","20781","ABM","HOBO"
"09/21/23 04:00:00",14.218,"deg C","20624994","20781","ABM","HOBO"
"09/21/23 05:00:00",14.002,"deg C","20624994","20781","ABM","HOBO"
"09/21/23 06:00:00",13.81,"deg C","20624994","20781","ABM","HOBO"
"09/21/23 07:00:00",13.666,"deg C","20624994","20781","ABM","HOBO"
"09/21/23 08:00:00",13.594,"deg C","20624994","20781","ABM","HOBO"
"09/21/23 09:00:00",13.69,"deg C","20624994","20781","ABM","HOBO"
"09/21/23 10:00:00",13.882,"deg C","20624994","20781","ABM","HOBO"
"09/21/23 11:00:00",14.194,"deg C","20624994","20781","ABM","HOBO"
"09/21/23 12:00:00",14.529,"deg C","20624994","20781","ABM","HOBO"
"09/21/23 13:00:00",14.888,"deg C","20624994","20781","ABM","HOBO"
"09/21/23 14:00:00",15.127,"deg C","20624994","20781","ABM","HOBO"
"09/21/23 15:00:00",15.318,"deg C","20624994","20781","ABM","HOBO"
"09/21/23 16:00:00",15.438,"deg C","20624994","20781","ABM","HOBO"
"09/21/23 17:00:00",15.509,"deg C","20624994","20781","ABM","HOBO"
"09/21/23 18:00:00",15.533,"deg C","20624994","20781","ABM","HOBO"
"09/21/23 19:00:00",15.461,"deg C","20624994","20781","ABM","HOBO"
"09/21/23 20:00:00",15.294,"deg C","20624994","20781","ABM","HOBO"
"09/21/23 21:00:00",15.079,"deg C","20624994","20781","ABM","HOBO"
"09/21/23 22:00:00",14.912,"deg C","20624994","20781","ABM","HOBO"
"09/21/23 23:00:00",14.792,"deg C","20624994","20781","ABM","HOBO"
"09/22/23 00:00:00",14.697,"deg C","20624994","20781","ABM","HOBO"
"09/22/23 01:00:00",14.649,"deg C","20624994","20781","ABM","HOBO"
"09/22/23 02:00:00",14.577,"deg C","20624994","20781","ABM","HOBO"
"09/22/23 03:00:00",14.529,"deg C","20624994","20781","ABM","HOBO"
"09/22/23 04:00:00",14.457,"deg C","20624994","20781","ABM","HOBO"
"09/22/23 05:00:00",14.409,"deg C","20624994","20781","ABM","HOBO"
"09/22/23 06:00:00",14.361,"deg C","20624994","20781","ABM","HOBO"
"09/22/23 07:00:00",14.337,"deg C","20624994","20781","ABM","HOBO"
"09/22/23 08:00:00",14.29,"deg C","20624994","20781","ABM","HOBO"
"09/22/23 09:00:00",14.314,"deg C","20624994","20781","ABM","HOBO"
"09/22/23 10:00:00",14.409,"deg C","20624994","20781","ABM","HOBO"
"09/22/23 11:00:00",14.553,"deg C","20624994","20781","ABM","HOBO"
"09/22/23 12:00:00",14.768,"deg C","20624994","20781","ABM","HOBO"
"09/22/23 13:00:00",15.008,"deg C","20624994","20781","ABM","HOBO"
"09/22/23 14:00:00",15.199,"deg C","20624994","20781","ABM","HOBO"
"09/22/23 15:00:00",15.342,"deg C","20624994","20781","ABM","HOBO"
"09/22/23 16:00:00",15.438,"deg C","20624994","20781","ABM","HOBO"
"09/22/23 17:00:00",15.509,"deg C","20624994","20781","ABM","HOBO"
"09/22/23 18:00:00",15.557,"deg C","20624994","20781","ABM","HOBO"
"09/22/23 19:00:00",15.557,"deg C","20624994","20781","ABM","HOBO"
"09/22/23 20:00:00",15.485,"deg C","20624994","20781","ABM","HOBO"
"09/22/23 21:00:00",15.414,"deg C","20624994","20781","ABM","HOBO"
"09/22/23 22:00:00",15.294,"deg C","20624994","20781","ABM","HOBO"
"09/22/23 23:00:00",15.127,"deg C","20624994","20781","ABM","HOBO"
"09/23/23 00:00:00",14.936,"deg C","20624994","20781","ABM","HOBO"
"09/23/23 01:00:00",14.768,"deg C","20624994","20781","ABM","HOBO"
"09/23/23 02:00:00",14.625,"deg C","20624994","20781","ABM","HOBO"
"09/23/23 03:00:00",14.505,"deg C","20624994","20781","ABM","HOBO"
"09/23/23 04:00:00",14.385,"deg C","20624994","20781","ABM","HOBO"
"09/23/23 05:00:00",14.266,"deg C","20624994","20781","ABM","HOBO"
"09/23/23 06:00:00",14.194,"deg C","20624994","20781","ABM","HOBO"
"09/23/23 07:00:00",14.074,"deg C","20624994","20781","ABM","HOBO"
"09/23/23 08:00:00",14.002,"deg C","20624994","20781","ABM","HOBO"
"09/23/23 09:00:00",13.954,"deg C","20624994","20781","ABM","HOBO"
"09/23/23 10:00:00",13.882,"deg C","20624994","20781","ABM","HOBO"
"09/23/23 11:00:00",13.858,"deg C","20624994","20781","ABM","HOBO"
"09/23/23 12:00:00",13.858,"deg C","20624994","20781","ABM","HOBO"
"09/23/23 13:00:00",13.906,"deg C","20624994","20781","ABM","HOBO"
"09/23/23 14:00:00",13.978,"deg C","20624994","20781","ABM","HOBO"
"09/23/23 15:00:00",14.026,"deg C","20624994","20781","ABM","HOBO"
"09/23/23 16:00:00",14.05,"deg C","20624994","20781","ABM","HOBO"
"09/23/23 17:00:00",14.074,"deg C","20624994","20781","ABM","HOBO"
"09/23/23 18:00:00",14.074,"deg C","20624994","20781","ABM","HOBO"
"09/23/23 19:00:00",14.002,"deg C","20624994","20781","ABM","HOBO"
"09/23/23 20:00:00",13.93,"deg C","20624994","20781","ABM","HOBO"
"09/23/23 21:00:00",13.834,"deg C","20624994","20781","ABM","HOBO"
"09/23/23 22:00:00",13.714,"deg C","20624994","20781","ABM","HOBO"
"09/23/23 23:00:00",13.714,"deg C","20624994","20781","ABM","HOBO"
"09/24/23 00:00:00",13.57,"deg C","20624994","20781","ABM","HOBO"
"09/24/23 01:00:00",13.522,"deg C","20624994","20781","ABM","HOBO"
"09/24/23 02:00:00",13.497,"deg C","20624994","20781","ABM","HOBO"
"09/24/23 03:00:00",13.522,"deg C","20624994","20781","ABM","HOBO"
"09/24/23 04:00:00",13.522,"deg C","20624994","20781","ABM","HOBO"
"09/24/23 05:00:00",13.522,"deg C","20624994","20781","ABM","HOBO"
"09/24/23 06:00:00",13.497,"deg C","20624994","20781","ABM","HOBO"
"09/24/23 07:00:00",13.473,"deg C","20624994","20781","ABM","HOBO"
"09/24/23 08:00:00",13.449,"deg C","20624994","20781","ABM","HOBO"
"09/24/23 09:00:00",13.473,"deg C","20624994","20781","ABM","HOBO"
"09/24/23 10:00:00",13.522,"deg C","20624994","20781","ABM","HOBO"
"09/24/23 11:00:00",13.546,"deg C","20624994","20781","ABM","HOBO"
"09/24/23 12:00:00",13.57,"deg C","20624994","20781","ABM","HOBO"
"09/24/23 13:00:00",13.69,"deg C","20624994","20781","ABM","HOBO"
"09/24/23 14:00:00",13.882,"deg C","20624994","20781","ABM","HOBO"
"09/24/23 15:00:00",14.002,"deg C","20624994","20781","ABM","HOBO"
"09/24/23 16:00:00",14.098,"deg C","20624994","20781","ABM","HOBO"
"09/24/23 17:00:00",14.146,"deg C","20624994","20781","ABM","HOBO"
"09/24/23 18:00:00",14.194,"deg C","20624994","20781","ABM","HOBO"
"09/24/23 19:00:00",14.194,"deg C","20624994","20781","ABM","HOBO"
"09/24/23 20:00:00",14.194,"deg C","20624994","20781","ABM","HOBO"
"09/24/23 21:00:00",14.314,"deg C","20624994","20781","ABM","HOBO"
"09/24/23 22:00:00",14.337,"deg C","20624994","20781","ABM","HOBO"
"09/24/23 23:00:00",14.314,"deg C","20624994","20781","ABM","HOBO"
"09/25/23 00:00:00",14.314,"deg C","20624994","20781","ABM","HOBO"
"09/25/23 01:00:00",14.266,"deg C","20624994","20781","ABM","HOBO"
"09/25/23 02:00:00",14.17,"deg C","20624994","20781","ABM","HOBO"
"09/25/23 03:00:00",14.146,"deg C","20624994","20781","ABM","HOBO"
"09/25/23 04:00:00",14.074,"deg C","20624994","20781","ABM","HOBO"
"09/25/23 05:00:00",13.978,"deg C","20624994","20781","ABM","HOBO"
"09/25/23 06:00:00",13.834,"deg C","20624994","20781","ABM","HOBO"
"09/25/23 07:00:00",13.762,"deg C","20624994","20781","ABM","HOBO"
"09/25/23 08:00:00",13.666,"deg C","20624994","20781","ABM","HOBO"
"09/25/23 09:00:00",13.546,"deg C","20624994","20781","ABM","HOBO"
"09/25/23 10:00:00",13.473,"deg C","20624994","20781","ABM","HOBO"
"09/25/23 11:00:00",13.473,"deg C","20624994","20781","ABM","HOBO"
"09/25/23 12:00:00",13.473,"deg C","20624994","20781","ABM","HOBO"
"09/25/23 13:00:00",13.522,"deg C","20624994","20781","ABM","HOBO"
"09/25/23 14:00:00",13.618,"deg C","20624994","20781","ABM","HOBO"
"09/25/23 15:00:00",13.786,"deg C","20624994","20781","ABM","HOBO"
"09/25/23 16:00:00",13.93,"deg C","20624994","20781","ABM","HOBO"
"09/25/23 17:00:00",14.026,"deg C","20624994","20781","ABM","HOBO"
"09/25/23 18:00:00",14.05,"deg C","20624994","20781","ABM","HOBO"
"09/25/23 19:00:00",14.026,"deg C","20624994","20781","ABM","HOBO"
"09/25/23 20:00:00",13.978,"deg C","20624994","20781","ABM","HOBO"
"09/25/23 21:00:00",13.93,"deg C","20624994","20781","ABM","HOBO"
"09/25/23 22:00:00",13.882,"deg C","20624994","20781","ABM","HOBO"
"09/25/23 23:00:00",13.858,"deg C","20624994","20781","ABM","HOBO"
"09/26/23 00:00:00",13.81,"deg C","20624994","20781","ABM","HOBO"
"09/26/23 01:00:00",13.762,"deg C","20624994","20781","ABM","HOBO"
"09/26/23 02:00:00",13.714,"deg C","20624994","20781","ABM","HOBO"
"09/26/23 03:00:00",13.666,"deg C","20624994","20781","ABM","HOBO"
"09/26/23 04:00:00",13.594,"deg C","20624994","20781","ABM","HOBO"
"09/26/23 05:00:00",13.546,"deg C","20624994","20781","ABM","HOBO"
"09/26/23 06:00:00",13.522,"deg C","20624994","20781","ABM","HOBO"
"09/26/23 07:00:00",13.497,"deg C","20624994","20781","ABM","HOBO"
"09/26/23 08:00:00",13.473,"deg C","20624994","20781","ABM","HOBO"
"09/26/23 09:00:00",13.497,"deg C","20624994","20781","ABM","HOBO"
"09/26/23 10:00:00",13.642,"deg C","20624994","20781","ABM","HOBO"
"09/26/23 11:00:00",13.69,"deg C","20624994","20781","ABM","HOBO"
"09/26/23 12:00:00",13.786,"deg C","20624994","20781","ABM","HOBO"
"09/26/23 13:00:00",14.002,"deg C","20624994","20781","ABM","HOBO"
"09/26/23 14:00:00",14.242,"deg C","20624994","20781","ABM","HOBO"
"09/26/23 15:00:00",14.29,"deg C","20624994","20781","ABM","HOBO"
"09/26/23 16:00:00",14.29,"deg C","20624994","20781","ABM","HOBO"
"09/26/23 17:00:00",14.314,"deg C","20624994","20781","ABM","HOBO"
"09/26/23 18:00:00",14.242,"deg C","20624994","20781","ABM","HOBO"
"09/26/23 19:00:00",14.026,"deg C","20624994","20781","ABM","HOBO"
"09/26/23 20:00:00",13.834,"deg C","20624994","20781","ABM","HOBO"
"09/26/23 21:00:00",13.642,"deg C","20624994","20781","ABM","HOBO"
"09/26/23 22:00:00",13.425,"deg C","20624994","20781","ABM","HOBO"
"09/26/23 23:00:00",13.233,"deg C","20624994","20781","ABM","HOBO"
"09/27/23 00:00:00",12.992,"deg C","20624994","20781","ABM","HOBO"
"09/27/23 01:00:00",12.775,"deg C","20624994","20781","ABM","HOBO"
"09/27/23 02:00:00",12.678,"deg C","20624994","20781","ABM","HOBO"
"09/27/23 03:00:00",12.558,"deg C","20624994","20781","ABM","HOBO"
"09/27/23 04:00:00",12.509,"deg C","20624994","20781","ABM","HOBO"
"09/27/23 05:00:00",12.509,"deg C","20624994","20781","ABM","HOBO"
"09/27/23 06:00:00",12.437,"deg C","20624994","20781","ABM","HOBO"
"09/27/23 07:00:00",12.364,"deg C","20624994","20781","ABM","HOBO"
"09/27/23 08:00:00",12.34,"deg C","20624994","20781","ABM","HOBO"
"09/27/23 09:00:00",12.461,"deg C","20624994","20781","ABM","HOBO"
"09/27/23 10:00:00",12.63,"deg C","20624994","20781","ABM","HOBO"
"09/27/23 11:00:00",12.992,"deg C","20624994","20781","ABM","HOBO"
"09/27/23 12:00:00",13.329,"deg C","20624994","20781","ABM","HOBO"
"09/27/23 13:00:00",13.714,"deg C","20624994","20781","ABM","HOBO"
"09/27/23 14:00:00",13.954,"deg C","20624994","20781","ABM","HOBO"
"09/27/23 15:00:00",14.146,"deg C","20624994","20781","ABM","HOBO"
"09/27/23 16:00:00",14.242,"deg C","20624994","20781","ABM","HOBO"
"09/27/23 17:00:00",14.266,"deg C","20624994","20781","ABM","HOBO"
"09/27/23 18:00:00",14.194,"deg C","20624994","20781","ABM","HOBO"
"09/27/23 19:00:00",14.026,"deg C","20624994","20781","ABM","HOBO"
"09/27/23 20:00:00",13.858,"deg C","20624994","20781","ABM","HOBO"
"09/27/23 21:00:00",13.714,"deg C","20624994","20781","ABM","HOBO"
"09/27/23 22:00:00",13.522,"deg C","20624994","20781","ABM","HOBO"
"09/27/23 23:00:00",13.329,"deg C","20624994","20781","ABM","HOBO"
"09/28/23 00:00:00",13.185,"deg C","20624994","20781","ABM","HOBO"
"09/28/23 01:00:00",13.016,"deg C","20624994","20781","ABM","HOBO"
"09/28/23 02:00:00",12.871,"deg C","20624994","20781","ABM","HOBO"
"09/28/23 03:00:00",12.751,"deg C","20624994","20781","ABM","HOBO"
"09/28/23 04:00:00",12.703,"deg C","20624994","20781","ABM","HOBO"
"09/28/23 05:00:00",12.703,"deg C","20624994","20781","ABM","HOBO"
"09/28/23 06:00:00",12.606,"deg C","20624994","20781","ABM","HOBO"
"09/28/23 07:00:00",12.534,"deg C","20624994","20781","ABM","HOBO"
"09/28/23 08:00:00",12.509,"deg C","20624994","20781","ABM","HOBO"
"09/28/23 09:00:00",12.558,"deg C","20624994","20781","ABM","HOBO"
"09/28/23 10:00:00",12.654,"deg C","20624994","20781","ABM","HOBO"
"09/28/23 11:00:00",12.847,"deg C","20624994","20781","ABM","HOBO"
"09/28/23 12:00:00",13.064,"deg C","20624994","20781","ABM","HOBO"
"09/28/23 13:00:00",13.401,"deg C","20624994","20781","ABM","HOBO"
"09/28/23 14:00:00",13.714,"deg C","20624994","20781","ABM","HOBO"
"09/28/23 15:00:00",13.93,"deg C","20624994","20781","ABM","HOBO"
"09/28/23 16:00:00",14.146,"deg C","20624994","20781","ABM","HOBO"
"09/28/23 17:00:00",14.266,"deg C","20624994","20781","ABM","HOBO"
"09/28/23 18:00:00",14.29,"deg C","20624994","20781","ABM","HOBO"
"09/28/23 19:00:00",14.29,"deg C","20624994","20781","ABM","HOBO"
"09/28/23 20:00:00",14.29,"deg C","20624994","20781","ABM","HOBO"
"09/28/23 21:00:00",14.266,"deg C","20624994","20781","ABM","HOBO"
"09/28/23 22:00:00",14.242,"deg C","20624994","20781","ABM","HOBO"
"09/28/23 23:00:00",14.146,"deg C","20624994","20781","ABM","HOBO"
"09/29/23 00:00:00",14.074,"deg C","20624994","20781","ABM","HOBO"
"09/29/23 01:00:00",14.002,"deg C","20624994","20781","ABM","HOBO"
"09/29/23 02:00:00",13.906,"deg C","20624994","20781","ABM","HOBO"
"09/29/23 03:00:00",13.762,"deg C","20624994","20781","ABM","HOBO"
"09/29/23 04:00:00",13.666,"deg C","20624994","20781","ABM","HOBO"
"09/29/23 05:00:00",13.57,"deg C","20624994","20781","ABM","HOBO"
"09/29/23 06:00:00",13.329,"deg C","20624994","20781","ABM","HOBO"
"09/29/23 07:00:00",13.04,"deg C","20624994","20781","ABM","HOBO"
"09/29/23 08:00:00",13.04,"deg C","20624994","20781","ABM","HOBO"
"09/29/23 09:00:00",12.92,"deg C","20624994","20781","ABM","HOBO"
"09/29/23 10:00:00",12.582,"deg C","20624994","20781","ABM","HOBO"
"09/29/23 11:00:00",12.606,"deg C","20624994","20781","ABM","HOBO"
"09/29/23 12:00:00",12.461,"deg C","20624994","20781","ABM","HOBO"
"09/29/23 13:00:00",12.292,"deg C","20624994","20781","ABM","HOBO"
"09/29/23 14:00:00",12.364,"deg C","20624994","20781","ABM","HOBO"
"09/29/23 15:00:00",12.389,"deg C","20624994","20781","ABM","HOBO"
"09/29/23 16:00:00",12.413,"deg C","20624994","20781","ABM","HOBO"
"09/29/23 17:00:00",12.461,"deg C","20624994","20781","ABM","HOBO"
"09/29/23 18:00:00",12.485,"deg C","20624994","20781","ABM","HOBO"
"09/29/23 19:00:00",12.558,"deg C","20624994","20781","ABM","HOBO"
"09/29/23 20:00:00",12.582,"deg C","20624994","20781","ABM","HOBO"
"09/29/23 21:00:00",12.606,"deg C","20624994","20781","ABM","HOBO"
"09/29/23 22:00:00",12.606,"deg C","20624994","20781","ABM","HOBO"
"09/29/23 23:00:00",12.63,"deg C","20624994","20781","ABM","HOBO"
"09/30/23 00:00:00",12.654,"deg C","20624994","20781","ABM","HOBO"
"09/30/23 01:00:00",12.678,"deg C","20624994","20781","ABM","HOBO"
"09/30/23 02:00:00",12.678,"deg C","20624994","20781","ABM","HOBO"
"09/30/23 03:00:00",12.678,"deg C","20624994","20781","ABM","HOBO"
"09/30/23 04:00:00",12.654,"deg C","20624994","20781","ABM","HOBO"
"09/30/23 05:00:00",12.654,"deg C","20624994","20781","ABM","HOBO"
"09/30/23 06:00:00",12.63,"deg C","20624994","20781","ABM","HOBO"
"09/30/23 07:00:00",12.606,"deg C","20624994","20781","ABM","HOBO"
"09/30/23 08:00:00",12.558,"deg C","20624994","20781","ABM","HOBO"
"09/30/23 09:00:00",12.534,"deg C","20624994","20781","ABM","HOBO"
"09/30/23 10:00:00",12.606,"deg C","20624994","20781","ABM","HOBO"
"09/30/23 11:00:00",12.727,"deg C","20624994","20781","ABM","HOBO"
"09/30/23 12:00:00",12.944,"deg C","20624994","20781","ABM","HOBO"
"09/30/23 13:00:00",13.209,"deg C","20624994","20781","ABM","HOBO"
"09/30/23 14:00:00",13.473,"deg C","20624994","20781","ABM","HOBO"
"09/30/23 15:00:00",13.642,"deg C","20624994","20781","ABM","HOBO"
"09/30/23 16:00:00",13.714,"deg C","20624994","20781","ABM","HOBO"
"09/30/23 17:00:00",13.786,"deg C","20624994","20781","ABM","HOBO"
"09/30/23 18:00:00",13.81,"deg C","20624994","20781","ABM","HOBO"
"09/30/23 19:00:00",13.786,"deg C","20624994","20781","ABM","HOBO"
"09/30/23 20:00:00",13.714,"deg C","20624994","20781","ABM","HOBO"
"09/30/23 21:00:00",13.69,"deg C","20624994","20781","ABM","HOBO"
"09/30/23 22:00:00",13.69,"deg C","20624994","20781","ABM","HOBO"
"09/30/23 23:00:00",13.69,"deg C","20624994","20781","ABM","HOBO"
"10/01/23 00:00:00",13.666,"deg C","20624994","20781","ABM","HOBO"
"10/01/23 01:00:00",13.642,"deg C","20624994","20781","ABM","HOBO"
"10/01/23 02:00:00",13.618,"deg C","20624994","20781","ABM","HOBO"
"10/01/23 03:00:00",13.594,"deg C","20624994","20781","ABM","HOBO"
"10/01/23 04:00:00",13.594,"deg C","20624994","20781","ABM","HOBO"
"10/01/23 05:00:00",13.618,"deg C","20624994","20781","ABM","HOBO"
"10/01/23 06:00:00",13.594,"deg C","20624994","20781","ABM","HOBO"
"10/01/23 07:00:00",13.57,"deg C","20624994","20781","ABM","HOBO"
"10/01/23 08:00:00",13.57,"deg C","20624994","20781","ABM","HOBO"
"10/01/23 09:00:00",13.69,"deg C","20624994","20781","ABM","HOBO"
"10/01/23 10:00:00",13.93,"deg C","20624994","20781","ABM","HOBO"
"10/01/23 11:00:00",14.337,"deg C","20624994","20781","ABM","HOBO"
"10/01/23 12:00:00",14.816,"deg C","20624994","20781","ABM","HOBO"
"10/01/23 13:00:00",15.199,"deg C","20624994","20781","ABM","HOBO"
"10/01/23 14:00:00",15.461,"deg C","20624994","20781","ABM","HOBO"
"10/01/23 15:00:00",15.652,"deg C","20624994","20781","ABM","HOBO"
"10/01/23 16:00:00",15.7,"deg C","20624994","20781","ABM","HOBO"
"10/01/23 17:00:00",15.676,"deg C","20624994","20781","ABM","HOBO"
"10/01/23 18:00:00",15.557,"deg C","20624994","20781","ABM","HOBO"
"10/01/23 19:00:00",15.414,"deg C","20624994","20781","ABM","HOBO"
"10/01/23 20:00:00",15.294,"deg C","20624994","20781","ABM","HOBO"
"10/01/23 21:00:00",15.223,"deg C","20624994","20781","ABM","HOBO"
"10/01/23 22:00:00",15.175,"deg C","20624994","20781","ABM","HOBO"
"10/01/23 23:00:00",15.103,"deg C","20624994","20781","ABM","HOBO"
"10/02/23 00:00:00",15.031,"deg C","20624994","20781","ABM","HOBO"
"10/02/23 01:00:00",15.008,"deg C","20624994","20781","ABM","HOBO"
"10/02/23 02:00:00",15.008,"deg C","20624994","20781","ABM","HOBO"
"10/02/23 03:00:00",15.008,"deg C","20624994","20781","ABM","HOBO"
"10/02/23 04:00:00",14.984,"deg C","20624994","20781","ABM","HOBO"
"10/02/23 05:00:00",14.96,"deg C","20624994","20781","ABM","HOBO"
"10/02/23 06:00:00",14.912,"deg C","20624994","20781","ABM","HOBO"
"10/02/23 07:00:00",14.864,"deg C","20624994","20781","ABM","HOBO"
"10/02/23 08:00:00",14.864,"deg C","20624994","20781","ABM","HOBO"
"10/02/23 09:00:00",14.936,"deg C","20624994","20781","ABM","HOBO"
"10/02/23 10:00:00",15.103,"deg C","20624994","20781","ABM","HOBO"
"10/02/23 11:00:00",15.414,"deg C","20624994","20781","ABM","HOBO"
"10/02/23 12:00:00",15.748,"deg C","20624994","20781","ABM","HOBO"
"10/02/23 13:00:00",15.986,"deg C","20624994","20781","ABM","HOBO"
"10/02/23 14:00:00",16.153,"deg C","20624994","20781","ABM","HOBO"
"10/02/23 15:00:00",16.249,"deg C","20624994","20781","ABM","HOBO"
"10/02/23 16:00:00",16.272,"deg C","20624994","20781","ABM","HOBO"
"10/02/23 17:00:00",16.201,"deg C","20624994","20781","ABM","HOBO"
"10/02/23 18:00:00",16.034,"deg C","20624994","20781","ABM","HOBO"
"10/02/23 19:00:00",15.772,"deg C","20624994","20781","ABM","HOBO"
"10/02/23 20:00:00",15.509,"deg C","20624994","20781","ABM","HOBO"
"10/02/23 21:00:00",15.27,"deg C","20624994","20781","ABM","HOBO"
"10/02/23 22:00:00",15.055,"deg C","20624994","20781","ABM","HOBO"
"10/02/23 23:00:00",14.816,"deg C","20624994","20781","ABM","HOBO"
"10/03/23 00:00:00",14.601,"deg C","20624994","20781","ABM","HOBO"
"10/03/23 01:00:00",14.529,"deg C","20624994","20781","ABM","HOBO"
"10/03/23 02:00:00",14.433,"deg C","20624994","20781","ABM","HOBO"
"10/03/23 03:00:00",14.361,"deg C","20624994","20781","ABM","HOBO"
"10/03/23 04:00:00",14.29,"deg C","20624994","20781","ABM","HOBO"
"10/03/23 05:00:00",14.242,"deg C","20624994","20781","ABM","HOBO"
"10/03/23 06:00:00",14.218,"deg C","20624994","20781","ABM","HOBO"
"10/03/23 07:00:00",14.146,"deg C","20624994","20781","ABM","HOBO"
"10/03/23 08:00:00",14.146,"deg C","20624994","20781","ABM","HOBO"
"10/03/23 09:00:00",14.266,"deg C","20624994","20781","ABM","HOBO"
"10/03/23 10:00:00",14.577,"deg C","20624994","20781","ABM","HOBO"
"10/03/23 11:00:00",15.055,"deg C","20624994","20781","ABM","HOBO"
"10/03/23 12:00:00",15.605,"deg C","20624994","20781","ABM","HOBO"
"10/03/23 13:00:00",16.058,"deg C","20624994","20781","ABM","HOBO"
"10/03/23 14:00:00",16.368,"deg C","20624994","20781","ABM","HOBO"
"10/03/23 15:00:00",16.63,"deg C","20624994","20781","ABM","HOBO"
"10/03/23 16:00:00",16.773,"deg C","20624994","20781","ABM","HOBO"
"10/03/23 17:00:00",16.82,"deg C","20624994","20781","ABM","HOBO"
"10/03/23 18:00:00",16.773,"deg C","20624994","20781","ABM","HOBO"
"10/03/23 19:00:00",16.725,"deg C","20624994","20781","ABM","HOBO"
"10/03/23 20:00:00",16.63,"deg C","20624994","20781","ABM","HOBO"
"10/03/23 21:00:00",16.582,"deg C","20624994","20781","ABM","HOBO"
"10/03/23 22:00:00",16.511,"deg C","20624994","20781","ABM","HOBO"
"10/03/23 23:00:00",16.439,"deg C","20624994","20781","ABM","HOBO"
"10/04/23 00:00:00",16.344,"deg C","20624994","20781","ABM","HOBO"
"10/04/23 01:00:00",16.249,"deg C","20624994","20781","ABM","HOBO"
"10/04/23 02:00:00",16.153,"deg C","20624994","20781","ABM","HOBO"
"10/04/23 03:00:00",16.058,"deg C","20624994","20781","ABM","HOBO"
"10/04/23 04:00:00",15.963,"deg C","20624994","20781","ABM","HOBO"
"10/04/23 05:00:00",15.867,"deg C","20624994","20781","ABM","HOBO"
"10/04/23 06:00:00",15.772,"deg C","20624994","20781","ABM","HOBO"
"10/04/23 07:00:00",15.676,"deg C","20624994","20781","ABM","HOBO"
"10/04/23 08:00:00",15.676,"deg C","20624994","20781","ABM","HOBO"
"10/04/23 09:00:00",15.796,"deg C","20624994","20781","ABM","HOBO"
"10/04/23 10:00:00",16.034,"deg C","20624994","20781","ABM","HOBO"
"10/04/23 11:00:00",16.463,"deg C","20624994","20781","ABM","HOBO"
"10/04/23 12:00:00",16.915,"deg C","20624994","20781","ABM","HOBO"
"10/04/23 13:00:00",17.249,"deg C","20624994","20781","ABM","HOBO"
"10/04/23 14:00:00",17.463,"deg C","20624994","20781","ABM","HOBO"
"10/04/23 15:00:00",17.653,"deg C","20624994","20781","ABM","HOBO"
"10/04/23 16:00:00",17.724,"deg C","20624994","20781","ABM","HOBO"
"10/04/23 17:00:00",17.748,"deg C","20624994","20781","ABM","HOBO"
"10/04/23 18:00:00",17.629,"deg C","20624994","20781","ABM","HOBO"
"10/04/23 19:00:00",17.463,"deg C","20624994","20781","ABM","HOBO"
"10/04/23 20:00:00",17.344,"deg C","20624994","20781","ABM","HOBO"
"10/04/23 21:00:00",17.249,"deg C","20624994","20781","ABM","HOBO"
"10/04/23 22:00:00",17.13,"deg C","20624994","20781","ABM","HOBO"
"10/04/23 23:00:00",17.011,"deg C","20624994","20781","ABM","HOBO"
